1

Alonso, Pete
613
2780
22.1
160
139
116
40
28
9
0
3
23
14.4
17
10.6
30
256
.288
.300
.381
.392
.417
.480
.355
.381
13
93.7
92.3
7
Graphs
2

Guerrero Jr., Vladimir
588
2602
22.6
156
139
127
41
28
12
0
1
13
8.3
15
9.6
22
263
.295
.309
.365
.378
.403
.463
.339
.366
12
93.8
93.0
-2
Graphs
3

India, Jonathan
583
2652
22.0
164
136
113
35
27
3
2
3
24
14.6
23
14.0
23
226
.257
.322
.378
.435
.375
.454
.339
.395
6
93.0
89.3
6
Graphs
4

Díaz, Yandy
563
2460
22.9
144
131
112
38
32
4
0
2
20
13.9
10
6.9
21
229
.290
.285
.347
.347
.366
.397
.317
.329
6
93.7
92.3
-8
Graphs
5

Steer, Spencer
543
2621
20.7
143
126
108
33
23
4
1
5
19
13.3
15
10.5
30
236
.262
.282
.343
.362
.429
.430
.337
.347
5
93.5
88.8
6
Graphs
6

Arozarena, Randy
540
2774
19.5
129
99
81
27
22
5
0
0
19
14.7
22
17.1
41
204
.273
.279
.434
.446
.323
.374
.356
.384
3
93.9
93.5
7
Graphs
7

Adames, Willy
538
2733
19.7
148
135
113
39
25
9
0
5
23
15.5
12
8.1
49
272
.289
.301
.345
.356
.467
.516
.350
.373
12
93.4
86.6
15
Graphs
8

Volpe, Anthony
528
2797
18.9
139
125
105
38
28
7
2
1
20
14.4
13
9.4
31
245
.304
.271
.374
.345
.416
.344
.348
.310
2
93.6
88.6
0
Graphs
9

Contreras, William
521
2677
19.5
150
133
118
45
30
11
1
3
16
10.7
14
9.3
35
260
.338
.336
.407
.405
.504
.524
.394
.401
10
93.5
94.8
-1
Graphs
10

Ozuna, Marcell
512
2875
17.8
155
138
112
43
28
10
0
5
27
17.4
15
9.7
32
228
.312
.314
.381
.388
.493
.554
.378
.403
11
93.6
92.9
10
Graphs
11

Machado, Manny
511
2387
21.4
149
138
127
51
39
7
0
5
12
8.1
10
6.7
27
256
.370
.340
.409
.386
.529
.500
.405
.384
9
93.9
95.0
0
Graphs
12

Springer, George
507
2304
22.0
152
133
116
31
24
5
0
2
17
11.2
16
10.5
39
249
.233
.273
.329
.364
.316
.404
.294
.340
10
93.1
88.6
0
Graphs
13

Paredes, Isaac
506
2853
17.7
120
95
77
29
17
7
1
4
19
15.8
20
16.7
29
240
.305
.248
.442
.401
.526
.391
.419
.360
5
93.5
87.7
22
Graphs
14

Hernández, Teoscar
504
2608
19.3
129
110
96
39
28
7
1
3
14
10.9
14
10.9
40
250
.355
.325
.445
.421
.518
.547
.420
.416
9
93.8
93.1
3
Graphs
15

Hoerner, Nico
500
2314
21.6
134
116
111
35
24
10
0
1
6
4.5
13
9.7
9
226
.302
.301
.388
.387
.414
.367
.355
.339
1
93.6
87.2
0
Graphs
16

Soler, Jorge
493
2361
20.9
123
103
86
27
17
5
1
4
18
14.6
17
13.8
35
206
.262
.292
.364
.389
.447
.486
.353
.379
6
93.3
90.4
10
Graphs
17

Stephenson, Tyler
490
1947
25.2
144
127
100
32
20
7
0
5
27
18.8
11
7.6
39
224
.252
.272
.340
.358
.425
.433
.337
.347
8
93.5
91.6
0
Graphs
18

Judge, Aaron
488
2885
16.9
129
109
85
43
24
6
1
12
24
18.6
17
13.2
30
198
.394
.375
.484
.468
.798
.807
.531
.523
24
94.2
99.0
9
Graphs
19

Ortiz, Joey
484
2124
22.8
112
95
88
24
20
4
0
0
8
7.1
14
12.5
8
175
.253
.247
.357
.356
.295
.317
.301
.310
2
93.3
88.7
-11
Graphs
20

Suzuki, Seiya
484
2509
19.3
129
105
82
40
30
3
2
5
24
18.6
19
14.7
20
176
.381
.340
.488
.458
.590
.542
.462
.432
7
93.6
94.0
9
Graphs
21

Soto, Juan
482
2960
16.3
133
112
94
42
22
10
2
8
19
14.3
20
15.0
32
203
.375
.378
.466
.474
.714
.779
.491
.518
23
93.6
94.8
9
Graphs
22

Bregman, Alex
482
2393
20.1
152
139
125
40
32
5
1
2
15
9.9
9
5.9
22
232
.288
.282
.342
.338
.381
.404
.319
.326
5
93.5
90.5
12
Graphs
23

Chapman, Matt
478
2706
17.7
144
122
103
34
22
10
0
2
19
13.2
17
11.8
28
214
.279
.319
.389
.425
.410
.483
.357
.399
8
93.2
94.6
2
Graphs
24

Turner, Justin
476
2320
20.5
126
103
97
32
28
3
0
1
8
6.3
15
11.9
16
199
.311
.269
.421
.391
.369
.343
.358
.338
1
93.5
84.1
7
Graphs
25

Suárez, Eugenio
474
2542
18.6
135
118
103
38
31
3
0
4
17
12.6
12
8.9
35
229
.322
.318
.393
.391
.449
.521
.368
.392
10
93.9
89.1
14
Graphs
26

McCutchen, Andrew
471
2163
21.8
125
110
96
29
18
4
0
7
15
12.0
13
10.4
30
199
.264
.294
.344
.373
.491
.551
.359
.393
13
93.7
89.8
10
Graphs
27

Peña, Jeremy
468
2272
20.6
148
138
123
41
36
2
0
3
15
10.1
4
2.7
20
213
.297
.288
.345
.336
.377
.373
.321
.316
4
93.2
86.3
-5
Graphs
28

Arraez, Luis
468
2416
19.4
141
132
130
42
35
7
0
0
3
2.1
6
4.3
12
244
.318
.335
.355
.372
.371
.423
.321
.349
2
92.8
87.0
8
Graphs
29

Winn, Masyn
465
2558
18.2
116
111
102
39
25
11
1
2
10
8.6
4
3.4
17
213
.351
.364
.371
.390
.523
.492
.382
.385
4
93.1
88.5
6
Graphs
30

Henderson, Gunnar
464
2896
16.0
119
98
82
29
21
6
1
1
17
14.3
17
14.3
24
185
.296
.291
.412
.414
.408
.422
.366
.376
4
93.3
91.1
-3
Graphs
31

Freeman, Freddie
464
2522
18.4
119
100
94
28
20
5
1
2
8
6.7
16
13.4
27
243
.280
.299
.378
.398
.410
.448
.347
.376
5
93.4
89.2
8
Graphs
32

Nimmo, Brandon
464
2747
16.9
119
106
90
22
15
6
0
1
16
13.4
10
8.4
25
197
.208
.250
.294
.332
.292
.406
.268
.326
6
93.2
90.9
6
Graphs
33

Cronenworth, Jake
462
2752
16.8
131
120
105
29
22
6
0
1
15
11.5
9
6.9
21
221
.242
.263
.300
.321
.317
.364
.276
.303
5
93.1
86.6
2
Graphs
34

Hoskins, Rhys
458
2243
20.4
108
91
74
23
17
2
0
4
19
17.6
11
10.2
25
191
.253
.255
.346
.352
.407
.422
.331
.341
7
93.5
86.6
18
Graphs
35

Arenado, Nolan
458
2452
18.7
119
95
92
30
25
3
0
2
6
5.0
16
13.4
20
193
.316
.270
.424
.393
.411
.388
.371
.353
1
93.3
89.3
17
Graphs
36

Altuve, Jose
456
2454
18.6
120
110
100
33
27
4
0
2
10
8.3
8
6.7
29
210
.300
.291
.358
.350
.391
.403
.332
.332
4
93.6
82.4
10
Graphs
37

Chourio, Jackson
455
2103
21.6
118
107
86
30
17
9
1
3
21
17.8
10
8.5
41
197
.280
.261
.347
.329
.467
.385
.353
.315
5
93.0
89.5
1
Graphs
38

García, Adolis
451
2534
17.8
108
92
79
18
10
1
0
7
14
13.0
14
13.0
43
197
.196
.251
.306
.353
.435
.469
.322
.355
8
93.7
91.8
12
Graphs
39

Arcia, Orlando
450
2332
19.3
132
122
111
29
21
5
0
3
11
8.3
9
6.8
29
223
.238
.243
.295
.300
.352
.364
.287
.293
6
93.6
85.9
-8
Graphs
40

Goldschmidt, Paul
443
2719
16.3
112
100
82
28
18
5
1
4
18
16.1
10
8.9
35
212
.280
.287
.351
.359
.470
.507
.356
.372
9
93.2
89.6
10
Graphs
41

Neto, Zach
439
2289
19.2
124
110
96
28
18
8
0
2
14
11.3
9
7.3
29
201
.255
.279
.339
.361
.382
.457
.321
.358
7
93.7
89.0
4
Graphs
42

Langford, Wyatt
439
2256
19.5
120
103
86
29
20
7
0
2
18
15.0
14
11.7
23
171
.282
.289
.375
.381
.408
.442
.347
.361
6
93.7
87.7
6
Graphs
43

Ward, Taylor
438
2599
16.9
118
101
83
29
21
5
0
3
20
16.9
15
12.7
29
183
.287
.298
.373
.391
.426
.464
.350
.379
8
93.8
94.4
9
Graphs
44

Bohm, Alec
436
2122
20.5
139
126
114
33
21
9
1
2
14
10.1
9
6.5
21
206
.262
.327
.317
.379
.397
.477
.310
.372
8
92.9
92.1
5
Graphs
45

Burger, Jake
434
2081
20.9
135
121
106
36
26
6
0
4
15
11.1
10
7.4
28
208
.298
.288
.370
.362
.446
.428
.359
.347
5
93.7
89.1
5
Graphs
46

Smith, Will
433
2271
19.1
109
98
87
31
16
10
2
3
12
11.0
8
7.3
20
184
.316
.329
.376
.390
.551
.594
.394
.416
11
93.4
93.3
15
Graphs
47

Morel, Christopher
431
2352
18.3
141
126
110
29
25
2
0
2
17
12.1
10
7.1
36
218
.230
.286
.305
.358
.294
.431
.273
.348
6
93.7
89.1
8
Graphs
48

Young, Jacob
431
1955
22.0
118
105
89
35
27
7
0
1
16
13.6
9
7.6
28
198
.333
.296
.407
.373
.429
.384
.371
.339
2
93.4
88.3
4
Graphs
49

Ohtani, Shohei
429
2838
15.1
128
111
89
38
26
8
0
4
22
17.2
16
12.5
26
171
.342
.333
.430
.422
.523
.541
.413
.415
9
93.0
96.1
5
Graphs
50

Gelof, Zack
425
2055
20.7
92
78
55
19
14
3
1
1
23
25.0
12
13.0
58
195
.244
.200
.359
.322
.346
.271
.320
.277
2
94.0
86.9
6
Graphs
51

Torres, Gleyber
425
2821
15.1
120
106
89
47
33
10
0
4
17
14.2
14
11.7
32
215
.443
.328
.508
.407
.651
.489
.496
.390
6
93.4
92.6
7
Graphs
52

Kim, Ha-Seong
420
1982
21.2
107
98
81
22
17
1
3
1
17
15.9
7
6.5
16
171
.224
.247
.290
.311
.327
.335
.274
.288
2
93.5
87.2
6
Graphs
53

Schwarber, Kyle
413
2852
14.5
107
88
71
32
25
4
0
3
18
16.8
18
16.8
36
157
.364
.325
.467
.436
.511
.504
.426
.408
4
92.7
94.5
4
Graphs
54

Vierling, Matt
412
2312
17.8
113
109
88
29
20
5
2
2
22
19.5
2
1.8
17
170
.266
.272
.283
.289
.404
.393
.295
.296
7
93.3
91.2
-2
Graphs
55

Donovan, Brendan
408
2487
16.4
111
97
88
27
19
6
1
1
9
8.1
12
10.8
9
159
.278
.291
.369
.381
.392
.439
.339
.361
6
93.2
91.4
-1
Graphs
56

Semien, Marcus
407
2626
15.5
128
117
103
31
23
4
0
4
14
10.9
10
7.8
23
214
.265
.311
.328
.370
.402
.469
.321
.365
8
93.7
87.7
12
Graphs
57

Carroll, Corbin
406
2648
15.3
120
104
86
32
23
2
1
6
18
15.0
11
9.2
18
153
.308
.254
.400
.353
.519
.421
.399
.342
7
93.2
89.6
-2
Graphs
58

Rodríguez, Julio
404
2385
16.9
118
108
93
33
25
3
0
5
15
12.7
9
7.6
41
222
.306
.343
.364
.398
.472
.563
.364
.412
8
94.0
94.4
0
Graphs
59

Garcia, Maikel
403
2360
17.1
110
102
90
24
17
5
1
1
13
11.8
7
6.4
11
166
.235
.263
.282
.309
.333
.357
.270
.294
1
93.4
92.8
-1
Graphs
60

Swanson, Dansby
401
2355
17.0
111
97
79
24
17
3
0
4
18
16.2
13
11.7
40
193
.247
.297
.342
.385
.402
.506
.330
.385
6
93.5
90.5
4
Graphs
61

Reynolds, Bryan
400
2604
15.4
106
92
79
29
20
5
0
4
13
12.3
13
12.3
33
192
.315
.307
.406
.398
.500
.541
.394
.403
8
93.4
88.7
6
Graphs
62

Verdugo, Alex
400
2342
17.1
110
103
94
32
24
4
1
3
9
8.2
7
6.4
12
166
.311
.283
.355
.329
.456
.419
.352
.327
5
93.2
90.5
1
Graphs
63

Thomas, Lane
399
2080
19.2
112
105
88
30
19
7
0
4
19
17.0
5
4.5
20
183
.286
.265
.313
.301
.467
.400
.332
.311
7
93.1
89.1
8
Graphs
64

Duran, Jarren
398
2844
14.0
105
95
84
38
27
9
0
2
11
10.5
10
9.5
20
170
.400
.361
.457
.421
.558
.521
.439
.409
5
92.9
94.3
-2
Graphs
65

Schuemann, Max
394
1835
21.5
85
69
56
17
15
2
0
0
14
16.5
12
14.1
24
153
.246
.254
.376
.383
.275
.372
.308
.341
3
94.0
89.4
6
Graphs
66

Profar, Jurickson
393
2739
14.3
103
88
74
19
14
4
0
1
15
14.6
13
12.6
15
162
.216
.268
.320
.367
.295
.416
.282
.347
6
93.4
94.2
11
Graphs
67

Witt Jr., Bobby
392
2600
15.1
127
112
104
42
27
9
3
3
10
7.9
10
7.9
16
184
.375
.379
.433
.444
.589
.694
.434
.478
15
93.9
96.5
12
Graphs
68

Doyle, Brenton
391
2158
18.1
111
101
89
39
29
4
0
6
13
11.7
8
7.2
25
190
.386
.358
.432
.409
.604
.606
.443
.432
12
93.1
89.1
1
Graphs
69

Rodgers, Brendan
386
2079
18.6
115
111
93
32
27
3
0
2
18
15.7
3
2.6
20
186
.288
.251
.313
.277
.369
.325
.300
.265
2
93.5
88.1
-7
Graphs
70

Betts, Mookie
381
2047
18.6
108
92
86
33
22
3
0
8
6
5.6
16
14.8
9
143
.359
.372
.454
.465
.652
.641
.468
.468
8
93.4
92.6
18
Graphs
71

Turang, Brice
379
2470
15.3
98
89
79
25
14
9
1
1
10
10.2
9
9.2
11
176
.281
.310
.347
.374
.438
.406
.342
.344
3
92.7
90.4
-4
Graphs
72

Kiner-Falefa, Isiah
379
1710
22.2
107
101
86
26
18
6
0
2
15
14.0
4
3.7
14
147
.257
.257
.299
.298
.376
.373
.296
.294
4
93.1
85.4
2
Graphs
73

Lowe, Nathaniel
375
2356
15.9
97
89
75
27
22
3
0
2
14
14.4
8
8.2
19
168
.303
.292
.361
.351
.404
.395
.338
.329
3
93.1
90.3
-3
Graphs
74

Bogaerts, Xander
375
1791
20.9
90
84
68
18
13
3
0
2
16
17.8
5
5.6
21
162
.214
.252
.267
.302
.321
.369
.261
.295
2
93.5
87.0
-4
Graphs
75

De La Cruz, Bryan
372
2394
15.5
102
92
82
24
19
2
0
3
13
12.7
7
6.9
36
194
.261
.277
.304
.323
.380
.460
.296
.337
6
93.6
91.1
0
Graphs
76

Tovar, Ezequiel
372
2528
14.7
102
95
82
29
15
9
1
4
14
13.7
4
3.9
43
219
.305
.277
.343
.318
.547
.427
.377
.321
7
93.0
89.7
14
Graphs
77

Chisholm Jr., Jazz
369
2495
14.8
100
90
75
26
19
2
1
4
15
15.0
8
8.0
27
160
.289
.276
.360
.348
.467
.471
.360
.355
6
93.1
88.1
-2
Graphs
78

Walker, Christian
368
2315
15.9
102
85
78
23
15
4
0
4
9
8.8
12
11.8
17
169
.271
.325
.373
.427
.459
.549
.361
.424
9
93.5
92.0
7
Graphs
79

Stott, Bryson
367
2307
15.9
94
78
72
22
15
4
1
2
8
8.5
14
14.9
16
155
.282
.327
.383
.423
.436
.455
.357
.385
2
93.1
90.8
9
Graphs
80

Olson, Matt
365
2947
12.4
94
84
68
22
9
5
1
7
16
17.0
8
8.5
29
197
.262
.301
.340
.375
.595
.589
.395
.409
11
93.4
93.2
10
Graphs
81

Merrill, Jackson
364
2214
16.4
99
90
82
29
24
1
0
4
10
10.1
7
7.1
30
204
.322
.347
.364
.387
.467
.617
.358
.420
11
93.1
92.0
7
Graphs
82

Ramos, Heliot
364
2011
18.1
91
84
71
28
24
2
0
2
13
14.3
6
6.6
26
168
.333
.231
.385
.291
.429
.322
.359
.274
3
93.4
85.7
-7
Graphs
83

Devers, Rafael
361
2375
15.2
104
95
82
29
18
7
1
3
15
14.4
6
5.8
30
188
.305
.291
.346
.334
.495
.477
.358
.347
8
92.9
90.3
-3
Graphs
84

France, Ty
359
2028
17.7
104
96
83
22
15
4
0
3
13
12.5
5
4.8
22
190
.229
.281
.288
.336
.365
.458
.288
.344
5
93.5
89.2
5
Graphs
85

Harper, Bryce
357
2469
14.5
95
87
77
30
19
6
0
5
10
10.5
8
8.4
19
178
.345
.350
.400
.406
.586
.590
.421
.424
9
92.8
91.0
3
Graphs
86

Hayes, Ke'Bryan
357
1470
24.3
82
78
67
16
15
1
0
0
12
14.6
2
2.4
10
154
.205
.242
.232
.270
.218
.303
.202
.255
0
93.7
90.7
-1
Graphs
87

McMahon, Ryan
355
2723
13.0
84
74
59
18
15
1
0
2
15
17.9
9
10.7
28
152
.243
.269
.333
.356
.338
.377
.304
.327
4
93.0
92.5
1
Graphs
88

Greene, Riley
354
2415
14.7
96
80
65
21
14
6
0
1
15
15.6
14
14.6
19
137
.263
.262
.385
.385
.375
.388
.344
.348
5
92.8
91.7
1
Graphs
89

Kwan, Steven
354
2165
16.4
97
86
78
27
23
1
0
3
8
8.2
11
11.3
6
140
.314
.322
.392
.399
.430
.440
.364
.369
2
93.1
88.7
5
Graphs
90

Canha, Mark
353
1946
18.1
90
79
69
21
15
3
0
3
10
11.1
7
7.8
18
159
.266
.266
.356
.356
.418
.396
.343
.335
4
93.3
91.5
1
Graphs
91

Pham, Tommy
350
1923
18.2
91
84
65
30
24
4
0
2
19
20.9
7
7.7
19
139
.357
.305
.407
.358
.476
.400
.386
.334
2
93.4
89.9
2
Graphs
92

Tatis Jr., Fernando
350
1551
22.6
115
104
92
30
22
4
0
4
12
10.4
9
7.8
21
172
.288
.362
.357
.423
.442
.595
.350
.435
12
93.9
91.2
3
Graphs
93

O'Hoppe, Logan
349
1983
17.6
98
82
74
27
21
2
0
4
9
9.2
11
11.2
23
166
.329
.342
.429
.440
.500
.562
.405
.430
7
93.6
91.2
11
Graphs
94

Giménez, Andrés
349
2400
14.5
90
84
78
21
18
3
0
0
6
6.7
1
1.1
22
185
.250
.258
.300
.308
.286
.324
.266
.283
2
92.8
85.7
-5
Graphs
95

Triolo, Jared
347
1764
19.7
104
88
72
21
19
2
0
0
17
16.3
11
10.6
13
156
.239
.296
.346
.398
.261
.403
.286
.360
4
92.9
90.3
3
Graphs
96

Moreno, Gabriel
347
1532
22.7
71
59
47
12
7
3
0
2
12
16.9
10
14.1
19
128
.203
.268
.338
.391
.356
.463
.315
.375
6
93.4
89.6
3
Graphs
97

Jeffers, Ryan
346
1807
19.1
96
88
78
18
12
5
0
1
11
11.5
5
5.2
17
167
.205
.230
.260
.291
.295
.371
.248
.292
5
93.4
86.2
7
Graphs
98

Schneider, Davis
345
1974
17.5
81
68
54
23
15
4
1
3
16
19.8
10
12.3
28
148
.338
.281
.420
.383
.559
.474
.415
.381
7
93.0
90.8
13
Graphs
99

Kirk, Alejandro
345
1495
23.1
90
82
80
26
20
5
0
1
3
3.3
6
6.7
13
155
.317
.304
.367
.358
.415
.438
.342
.350
5
93.6
91.0
7
Graphs
100

Lindor, Francisco
345
2713
12.7
86
69
58
21
12
6
0
3
11
12.8
16
18.6
19
142
.304
.349
.442
.479
.522
.588
.419
.456
9
93.2
93.3
13
Graphs
101

Happ, Ian
344
2721
12.6
90
73
62
25
14
5
0
6
12
13.3
16
17.8
20
131
.342
.330
.456
.451
.658
.665
.466
.469
11
93.3
94.5
9
Graphs
102

Diaz, Yainer
343
2128
16.1
114
110
101
43
33
8
0
2
10
8.8
3
2.6
18
192
.391
.348
.404
.366
.518
.470
.397
.363
5
93.4
91.8
3
Graphs
103

Rooker, Brent
338
2378
14.2
96
83
71
37
28
3
0
6
12
12.5
12
12.5
20
166
.446
.358
.521
.446
.699
.691
.518
.477
9
93.9
94.0
5
Graphs
104

Abrams, CJ
337
2261
14.9
92
83
69
32
21
8
3
0
14
15.2
8
8.7
24
172
.386
.276
.446
.347
.554
.381
.430
.324
1
92.8
87.2
10
Graphs
105

Castellanos, Nick
337
2344
14.4
92
76
65
30
22
5
1
2
11
12.0
10
10.9
27
162
.395
.343
.500
.457
.566
.577
.463
.445
6
93.5
94.4
5
Graphs
106

Schanuel, Nolan
335
2356
14.2
90
81
65
23
20
2
0
1
16
17.8
8
8.9
15
145
.284
.273
.356
.347
.346
.357
.316
.315
2
93.1
86.5
9
Graphs
107

Vaughn, Andrew
334
2337
14.3
102
92
81
28
19
5
0
4
11
10.8
8
7.8
19
168
.304
.285
.373
.355
.489
.513
.374
.372
6
93.4
92.9
8
Graphs
108

Bader, Harrison
332
1647
20.2
88
79
76
15
13
1
0
1
6
6.8
6
6.8
17
150
.190
.231
.239
.285
.241
.325
.215
.274
2
93.3
85.8
2
Graphs
109

Mountcastle, Ryan
329
1901
17.3
96
88
78
23
18
4
0
1
11
11.5
6
6.3
22
179
.261
.280
.313
.330
.341
.387
.290
.315
2
93.6
91.7
-2
Graphs
110

Gurriel Jr., Lourdes
329
2083
15.8
90
83
73
30
25
1
0
4
11
12.2
5
5.6
17
154
.361
.315
.400
.359
.518
.497
.396
.368
6
93.9
91.7
3
Graphs
111

Rafaela, Ceddanne
324
2070
15.7
92
88
78
25
23
2
0
0
10
10.9
3
3.3
34
189
.284
.293
.315
.323
.307
.366
.278
.303
1
93.3
84.9
3
Graphs
112

Perez, Salvador
324
2301
14.1
102
88
87
28
18
4
0
6
4
3.9
7
6.9
16
193
.318
.360
.376
.417
.568
.678
.398
.451
11
93.9
92.1
15
Graphs
113

Bellinger, Cody
324
2083
15.6
93
81
73
27
21
2
0
4
10
10.8
9
9.7
20
161
.333
.294
.398
.368
.506
.480
.389
.367
6
93.2
89.9
10
Graphs
114

Caballero, José
323
1894
17.1
98
87
76
26
16
9
0
1
12
12.2
5
5.1
17
168
.299
.275
.367
.348
.437
.355
.352
.315
1
93.6
83.1
10
Graphs
115

Adell, Jo
322
1840
17.5
94
82
76
21
13
2
1
5
6
6.4
6
6.4
24
170
.256
.309
.344
.391
.488
.524
.361
.395
6
93.5
86.4
2
Graphs
116

Cruz, Oneil
320
2381
13.4
89
85
58
17
10
4
0
3
28
31.5
2
2.2
28
142
.200
.261
.225
.284
.353
.441
.248
.311
9
93.3
99.6
0
Graphs
117

DeJong, Paul
315
1851
17.0
87
79
66
23
15
4
0
4
13
14.9
3
3.4
37
189
.291
.279
.356
.346
.494
.491
.369
.361
7
93.3
87.5
16
Graphs
118

Crawford, J.P.
315
1911
16.5
79
70
50
11
7
4
0
0
20
25.3
8
10.1
21
127
.157
.227
.253
.315
.214
.309
.221
.284
2
93.5
88.4
1
Graphs
119

Ramírez, José
313
2735
11.4
79
72
66
24
13
7
1
3
7
8.9
6
7.6
15
144
.333
.294
.380
.354
.583
.490
.407
.376
6
93.6
92.3
13
Graphs
120

Riley, Austin
312
1822
17.1
91
80
66
32
23
6
1
2
15
16.5
9
9.9
20
158
.400
.360
.462
.435
.575
.540
.444
.426
7
93.7
95.1
-1
Graphs
121

Cowser, Colton
311
2311
13.5
70
63
42
16
10
2
2
2
21
30.0
6
8.6
29
131
.254
.249
.329
.324
.444
.415
.335
.324
5
93.4
90.5
6
Graphs
122

Lopez, Otto
310
1545
20.1
88
76
68
23
17
2
1
3
8
9.1
11
12.5
22
149
.303
.297
.398
.393
.474
.452
.381
.372
3
93.5
93.2
-1
Graphs
123

Smith, Josh
310
2327
13.3
100
87
77
26
24
2
0
0
10
10.0
12
12.0
10
139
.299
.351
.390
.436
.322
.452
.327
.393
0
92.9
91.1
8
Graphs
124

Wong, Connor
309
1865
16.6
82
72
66
30
19
10
0
1
6
7.3
6
7.3
19
141
.417
.299
.488
.385
.597
.405
.468
.353
2
93.4
82.6
5
Graphs
125

Turner, Trea
308
2043
15.1
96
89
81
32
19
6
0
7
8
8.3
6
6.3
22
170
.360
.324
.406
.373
.663
.590
.453
.408
9
93.1
92.0
7
Graphs
126

Vientos, Mark
307
1756
17.5
90
82
66
27
19
4
0
4
17
18.9
7
7.8
23
139
.329
.283
.378
.343
.524
.466
.387
.353
6
93.7
89.0
3
Graphs
127

Westburg, Jordan
306
1634
18.7
104
95
82
22
12
4
2
4
14
13.5
5
4.8
19
150
.232
.300
.288
.357
.442
.508
.313
.372
7
93.8
92.1
7
Graphs
128

Moore, Dylan
305
1804
16.9
96
72
60
15
11
3
0
1
12
12.5
22
22.9
16
123
.208
.266
.406
.450
.292
.403
.335
.388
6
93.5
87.3
18
Graphs
129

Hernández, Enrique
305
1518
20.1
82
75
66
28
20
6
0
2
9
11.0
7
8.5
22
146
.373
.318
.427
.376
.533
.452
.416
.362
2
93.6
91.1
10
Graphs
130

Martinez, J.D.
301
2052
14.7
92
82
63
27
20
3
0
4
19
20.7
7
7.6
36
153
.329
.337
.396
.403
.512
.607
.394
.430
9
93.5
93.8
4
Graphs
131

Bleday, JJ
300
2483
12.1
84
76
68
23
11
5
2
5
8
9.5
8
9.5
18
137
.303
.324
.369
.388
.618
.535
.416
.396
7
93.7
91.5
8
Graphs
132

Frelick, Sal
299
2046
14.6
86
73
62
22
14
6
1
1
11
12.8
13
15.1
8
115
.301
.255
.407
.369
.452
.338
.378
.322
1
92.8
87.6
2
Graphs
133

Realmuto, J.T.
298
1583
18.8
86
77
68
28
19
4
0
5
9
10.5
7
8.1
14
143
.364
.359
.430
.426
.610
.623
.445
.446
7
92.9
90.4
8
Graphs
134

García Jr., Luis
298
1883
15.8
78
72
62
22
18
3
0
1
10
12.8
6
7.7
16
134
.306
.259
.359
.316
.389
.395
.331
.313
2
93.3
88.6
3
Graphs
135

Bell, Josh
297
2238
13.3
85
71
61
23
20
2
0
1
10
11.8
13
15.3
18
117
.324
.281
.435
.401
.394
.374
.375
.352
2
93.1
89.2
3
Graphs
136

Meyers, Jake
297
1817
16.3
91
82
71
24
20
4
0
0
12
13.2
6
6.6
28
163
.293
.296
.352
.355
.341
.379
.310
.326
2
93.7
84.7
4
Graphs
137

Benintendi, Andrew
297
1995
14.9
79
71
56
19
16
1
0
2
15
19.0
7
8.9
21
131
.268
.268
.342
.342
.366
.361
.317
.314
1
92.9
86.9
6
Graphs
138

O'Neill, Tyler
294
1984
14.8
75
67
50
19
14
1
0
4
17
22.7
7
9.3
23
126
.284
.260
.360
.339
.478
.495
.365
.357
6
93.1
88.4
11
Graphs
139

Alvarez, Yordan
293
2264
12.9
103
91
80
34
18
7
1
8
12
11.7
9
8.7
12
130
.374
.363
.437
.429
.736
.831
.488
.515
19
93.2
96.8
13
Graphs
140

Santander, Anthony
292
2738
10.7
79
68
56
13
4
3
1
5
12
15.2
11
13.9
12
129
.191
.247
.304
.354
.485
.540
.338
.380
9
93.8
93.8
18
Graphs
141

Dubón, Mauricio
291
1450
20.1
84
81
75
23
15
7
0
1
6
7.1
1
1.2
10
168
.284
.259
.310
.286
.407
.359
.312
.281
2
93.4
87.9
8
Graphs
142

Marte, Starling
291
1417
20.5
68
63
49
12
10
1
1
0
14
20.6
3
4.4
22
135
.190
.224
.250
.282
.238
.272
.223
.252
1
93.7
86.3
-11
Graphs
143

Joe, Connor
290
1651
17.6
81
67
56
23
17
4
0
2
11
13.6
13
16.0
12
112
.343
.225
.457
.359
.493
.349
.417
.322
4
93.3
86.5
3
Graphs
144

Urshela, Gio
290
1693
17.1
79
74
70
22
17
4
0
1
4
5.1
4
5.1
20
152
.297
.296
.342
.341
.392
.418
.323
.330
2
93.5
86.9
6
Graphs
145

De La Cruz, Elly
288
2751
10.5
76
65
50
23
12
4
0
7
16
21.1
10
13.2
23
119
.354
.340
.434
.423
.738
.729
.485
.473
12
93.0
94.9
4
Graphs
146

Garver, Mitch
286
1815
15.8
73
54
43
7
4
2
0
1
12
16.4
15
20.5
9
91
.130
.189
.342
.388
.222
.317
.282
.332
2
93.2
91.3
16
Graphs
147

Winker, Jesse
286
2063
13.9
81
64
52
18
11
6
0
1
13
16.0
12
14.8
14
126
.281
.297
.420
.433
.422
.384
.376
.370
2
93.3
87.7
4
Graphs
148

Correa, Carlos
286
1375
20.8
80
65
57
19
13
3
1
2
8
10.0
14
17.5
8
103
.292
.274
.425
.410
.462
.431
.391
.374
4
94.3
88.2
9
Graphs
149

McNeil, Jeff
285
1711
16.7
84
78
70
18
13
4
0
1
8
9.5
6
7.1
17
173
.231
.285
.286
.336
.321
.371
.270
.312
0
93.2
86.6
9
Graphs
150

Burleson, Alec
284
2117
13.4
92
84
74
30
24
2
0
4
11
12.0
6
6.5
29
174
.357
.307
.396
.350
.524
.498
.396
.363
5
93.2
90.4
13
Graphs
151

Stanton, Giancarlo
281
1831
15.3
74
68
56
24
13
7
0
4
12
16.2
5
6.8
19
108
.353
.368
.405
.420
.632
.742
.441
.484
14
94.1
95.0
13
Graphs
152

Pages, Andy
280
1719
16.3
79
74
62
20
14
5
0
1
12
15.2
5
6.3
24
139
.270
.277
.316
.323
.378
.423
.305
.325
4
93.7
89.8
8
Graphs
153

Rutschman, Adley
279
2593
10.8
73
62
53
19
13
2
0
4
9
12.3
11
15.1
11
107
.306
.313
.411
.417
.532
.550
.408
.414
5
93.5
91.3
14
Graphs
154

Nootbaar, Lars
279
1659
16.8
88
75
66
17
12
4
1
0
10
11.4
11
12.5
11
106
.227
.255
.330
.356
.307
.375
.290
.328
3
92.9
90.9
-5
Graphs
155

Naylor, Josh
278
2284
12.2
103
92
81
20
13
5
0
2
11
10.7
9
8.7
22
146
.217
.261
.301
.341
.337
.424
.286
.334
7
93.1
87.4
4
Graphs
156

Lux, Gavin
277
1939
14.3
72
63
51
20
11
5
1
3
12
16.7
8
11.1
9
112
.317
.300
.403
.389
.571
.504
.416
.387
3
93.3
92.0
2
Graphs
157

d'Arnaud, Travis
277
1353
20.5
84
73
62
20
18
1
0
1
12
14.3
9
10.7
24
148
.274
.212
.357
.310
.329
.347
.311
.297
3
93.6
90.0
4
Graphs
158

Torkelson, Spencer
277
1593
17.4
73
62
50
12
8
3
1
0
12
16.4
10
13.7
18
127
.194
.250
.315
.363
.274
.354
.274
.323
3
93.0
92.4
4
Graphs
159

Clement, Ernie
276
1449
19.0
89
82
77
24
14
7
1
2
5
5.6
4
4.5
16
143
.293
.284
.348
.341
.476
.427
.357
.334
2
93.8
87.6
11
Graphs
160

Seager, Corey
276
1872
14.7
88
75
61
25
20
3
0
2
14
15.9
12
13.6
28
144
.333
.295
.432
.399
.453
.477
.392
.382
6
93.6
92.7
1
Graphs
161

Yoshida, Masataka
276
1593
17.3
87
75
73
24
16
5
0
3
2
2.3
8
9.2
9
126
.320
.250
.414
.354
.507
.376
.401
.327
2
93.5
88.1
0
Graphs
162

Marte, Ketel
275
2146
12.8
82
71
60
22
16
3
0
3
12
14.6
9
11.0
18
116
.310
.308
.390
.391
.479
.543
.377
.399
5
93.6
98.0
0
Graphs
163

Rojas, Johan
273
1329
20.5
65
62
52
15
13
2
0
0
10
15.4
3
4.6
19
119
.242
.219
.277
.255
.274
.262
.247
.232
0
92.9
85.1
-4
Graphs
164

Renfroe, Hunter
270
1652
16.3
82
75
66
21
16
2
0
3
9
11.0
7
8.5
6
114
.280
.291
.341
.351
.427
.469
.336
.356
5
93.4
90.5
12
Graphs
165

Robert Jr., Luis
269
1609
16.7
77
74
56
19
13
5
0
1
18
23.4
3
3.9
30
126
.257
.242
.286
.272
.365
.323
.284
.262
2
93.7
91.2
1
Graphs
166

Marsh, Brandon
268
2007
13.4
68
59
49
16
13
2
0
1
10
14.7
8
11.8
10
103
.271
.317
.368
.407
.356
.476
.327
.387
4
92.9
91.8
3
Graphs
167

Yastrzemski, Mike
268
1955
13.7
72
61
46
15
10
2
2
1
15
20.8
8
11.1
18
107
.246
.274
.361
.387
.393
.426
.337
.361
3
93.3
92.9
11
Graphs
168

Fry, David
267
1515
17.6
82
71
63
20
14
4
0
2
11
13.4
3
3.7
21
131
.282
.259
.325
.315
.423
.374
.321
.303
3
93.3
88.7
12
Graphs
169

Siri, Jose
266
1788
14.9
62
53
40
10
5
4
0
1
13
21.0
7
11.3
25
110
.189
.267
.306
.373
.321
.385
.286
.341
4
93.7
85.8
5
Graphs
170

Langeliers, Shea
266
1993
13.3
82
75
63
19
12
4
1
2
12
14.6
4
4.9
17
132
.253
.303
.317
.362
.413
.480
.320
.366
4
93.7
92.9
4
Graphs
171

Perkins, Blake
263
1734
15.2
60
46
34
9
5
4
0
0
12
20.0
14
23.3
17
92
.196
.256
.383
.430
.283
.411
.318
.378
2
92.9
91.5
12
Graphs
172

Fortes, Nick
262
1154
22.7
83
74
69
19
15
4
0
0
6
7.2
5
6.0
5
123
.257
.241
.325
.313
.311
.285
.287
.274
0
93.1
83.0
15
Graphs
173

Ruiz, Keibert
262
1659
15.8
92
89
85
20
12
4
0
4
5
5.4
2
2.2
5
131
.225
.243
.239
.257
.404
.391
.274
.277
4
93.1
88.3
13
Graphs
174

Castro, Willi
261
2509
10.4
74
62
49
19
15
3
1
0
13
17.6
10
13.5
21
124
.306
.276
.419
.393
.387
.373
.364
.347
2
93.3
91.3
7
Graphs
175

Busch, Michael
261
2365
11.0
73
63
47
18
12
4
0
2
16
21.9
9
12.3
18
110
.286
.293
.384
.390
.444
.485
.365
.380
5
92.9
91.0
4
Graphs
176

Santana, Carlos
258
2423
10.6
67
56
50
12
10
1
0
1
6
9.0
11
16.4
13
98
.214
.283
.343
.401
.286
.477
.294
.384
5
93.1
91.1
7
Graphs
177

Amaya, Miguel
258
1291
20.0
78
70
61
20
13
3
1
3
9
11.5
8
10.3
23
136
.286
.273
.359
.348
.486
.480
.365
.358
4
93.6
90.5
3
Graphs
178

Espinal, Santiago
258
1505
17.1
75
65
61
20
19
1
0
0
6
8.0
6
8.0
15
126
.308
.293
.373
.366
.323
.357
.314
.324
0
93.6
89.7
6
Graphs
179

Horwitz, Spencer
256
1582
16.2
60
51
44
12
9
2
0
1
9
15.0
5
8.3
18
108
.235
.273
.317
.355
.333
.405
.290
.335
2
93.3
88.9
6
Graphs
180

Estrada, Thairo
254
1309
19.4
79
72
65
20
16
2
0
2
7
8.9
4
5.1
14
119
.278
.273
.342
.338
.389
.398
.324
.324
3
93.2
85.4
0
Graphs
181

Bart, Joey
254
1127
22.5
63
54
40
12
10
0
0
2
14
22.2
7
11.1
15
95
.222
.252
.333
.359
.333
.414
.304
.343
3
93.3
87.7
0
Graphs
182

Rojas, Josh
254
1901
13.4
80
70
60
21
16
3
0
2
10
12.5
8
10.0
15
119
.300
.294
.388
.383
.429
.454
.362
.367
4
93.2
88.6
9
Graphs
183

Sheets, Gavin
253
2087
12.1
83
75
65
23
15
6
0
2
11
13.3
7
8.4
12
124
.307
.360
.361
.412
.467
.580
.358
.424
7
93.0
90.0
7
Graphs
184

Solano, Donovan
253
1273
19.9
70
65
54
20
16
4
0
0
11
15.7
4
5.7
17
114
.308
.253
.357
.307
.369
.360
.323
.294
1
93.4
91.1
6
Graphs
185

Jansen, Danny
251
1376
18.2
70
63
56
18
11
5
0
2
7
10.0
7
10.0
13
108
.286
.266
.357
.339
.460
.413
.356
.331
3
93.3
89.1
12
Graphs
186

Bichette, Bo
251
1186
21.2
74
68
56
17
13
4
0
0
12
16.2
6
8.1
15
128
.250
.263
.311
.323
.309
.339
.279
.295
2
93.6
89.2
-5
Graphs
187

Pasquantino, Vinnie
251
2133
11.8
79
69
60
19
12
4
1
2
9
11.4
8
10.1
10
118
.275
.322
.367
.408
.449
.548
.357
.410
8
93.3
95.8
6
Graphs
188

Haniger, Mitch
251
1758
14.3
73
66
55
17
12
3
0
2
12
16.4
5
6.8
32
126
.258
.252
.315
.313
.394
.413
.310
.318
4
93.7
88.8
7
Graphs
189

Merrifield, Whit
250
1330
18.8
73
63
58
18
13
3
2
0
5
6.8
9
12.3
13
120
.286
.274
.384
.373
.397
.335
.347
.323
1
93.3
86.2
3
Graphs
190

Blackmon, Charlie
249
1920
13.0
77
65
57
17
14
2
0
1
8
10.4
8
10.4
6
102
.262
.247
.377
.366
.338
.334
.329
.323
2
92.5
81.8
3
Graphs
191

Alvarez, Francisco
249
1331
18.7
62
55
43
17
12
3
0
2
12
19.4
7
11.3
20
107
.309
.281
.387
.362
.473
.440
.375
.351
3
94.0
89.3
-3
Graphs
192

Fermin, Freddy
249
1434
17.4
81
77
68
20
19
0
0
1
9
11.1
4
4.9
14
146
.260
.258
.296
.295
.299
.310
.266
.269
0
93.3
91.1
6
Graphs
193

Campusano, Luis
248
1025
24.2
68
65
60
13
10
1
0
2
5
7.4
3
4.4
12
119
.200
.207
.235
.242
.308
.293
.239
.237
2
93.6
84.7
0
Graphs
194

Varsho, Daulton
247
2048
12.1
72
66
51
19
15
2
0
2
15
20.8
6
8.3
21
113
.288
.212
.347
.278
.409
.310
.333
.264
1
92.8
87.8
19
Graphs
195

Drury, Brandon
245
1397
17.5
72
61
53
9
6
2
0
1
8
11.1
8
11.1
15
102
.148
.204
.278
.326
.230
.356
.243
.309
2
93.5
88.1
-3
Graphs
196

O'Hearn, Ryan
244
1920
12.7
77
69
62
14
12
1
0
1
7
9.1
8
10.4
9
107
.203
.246
.286
.325
.261
.413
.252
.322
4
93.5
89.6
1
Graphs
197

Wood, James
243
1404
17.3
60
51
39
11
7
2
1
1
12
20.0
9
15.0
13
84
.216
.278
.333
.389
.353
.364
.309
.341
2
92.6
93.9
-11
Graphs
198

Díaz, Elias
242
1323
18.3
85
78
72
19
12
7
0
0
6
7.1
6
7.1
15
132
.244
.227
.306
.290
.333
.319
.285
.273
4
93.5
88.8
1
Graphs
199

Rogers, Jake
241
1258
19.2
67
63
54
8
6
1
1
0
9
13.4
3
4.5
18
108
.127
.228
.179
.275
.175
.339
.163
.270
2
93.1
88.4
10
Graphs
200

Andujar, Miguel
241
1176
20.5
68
60
55
17
12
4
1
0
5
7.4
5
7.4
11
114
.283
.254
.368
.342
.383
.337
.335
.308
1
94.2
88.2
-2
Graphs
201

McCarthy, Jake
241
1786
13.5
74
67
58
16
14
1
1
0
9
12.2
4
5.4
9
111
.239
.272
.311
.341
.284
.314
.272
.299
0
93.6
85.2
1
Graphs
202

Taveras, Leody
241
2008
12.0
62
52
46
10
9
1
0
0
6
9.7
10
16.1
11
91
.192
.283
.323
.400
.212
.358
.259
.345
0
92.8
88.1
2
Graphs
203

Fitzgerald, Tyler
240
1330
18.0
65
53
42
17
10
4
1
2
11
16.9
9
13.8
16
106
.321
.303
.446
.432
.547
.458
.429
.393
2
93.6
88.5
5
Graphs
204

Bride, Jonah
240
1157
20.7
67
59
45
15
8
4
0
3
15
22.4
6
9.0
14
96
.254
.259
.328
.340
.475
.387
.344
.329
4
93.4
85.4
9
Graphs
205

Harris II, Michael
239
1685
14.2
67
62
56
13
12
0
0
1
6
9.0
5
7.5
13
109
.210
.256
.269
.312
.258
.341
.240
.290
2
93.4
88.9
-8
Graphs
206

Keith, Colt
238
2022
11.8
81
76
70
20
15
4
0
1
6
7.4
5
6.2
13
113
.263
.311
.309
.353
.355
.447
.293
.348
4
92.8
89.6
4
Graphs
207

Sosa, Lenyn
237
1377
17.2
78
74
66
25
24
0
0
1
8
10.3
3
3.8
6
106
.338
.369
.372
.401
.378
.523
.333
.400
3
93.3
90.5
10
Graphs
208

Lopez, Nicky
237
1628
14.6
74
67
60
18
15
2
1
0
7
9.5
6
8.1
14
121
.269
.225
.338
.298
.328
.296
.300
.269
2
93.0
86.9
3
Graphs
209

Sánchez, Jesús
236
1991
11.9
75
66
60
22
14
7
0
1
6
8.0
9
12.0
23
137
.333
.367
.413
.443
.485
.578
.392
.437
9
93.5
94.3
-2
Graphs
210

DeLuca, Jonny
236
1345
17.5
68
62
48
17
12
1
1
3
14
20.6
5
7.4
20
121
.274
.263
.338
.328
.468
.376
.349
.313
2
93.9
88.1
8
Graphs
211

Freeman, Tyler
235
1381
17.0
68
58
47
12
8
3
0
1
11
16.2
3
4.4
14
111
.207
.231
.324
.344
.310
.303
.294
.301
1
93.4
88.2
4
Graphs
212

Kelly, Carson
235
1173
20.0
71
61
55
13
10
1
0
2
6
8.5
7
9.9
12
98
.213
.228
.324
.337
.328
.368
.298
.316
2
93.0
83.2
4
Graphs
213

Rojas, Miguel
234
1211
19.3
62
54
52
21
16
4
0
1
2
3.2
8
12.9
3
92
.389
.325
.468
.412
.519
.408
.430
.365
1
93.1
89.2
4
Graphs
214

Pederson, Joc
234
1810
12.9
58
41
31
12
9
0
0
3
12
20.7
12
20.7
13
78
.293
.402
.466
.552
.512
.686
.423
.520
7
93.8
96.5
5
Graphs
215

Tellez, Rowdy
233
1666
14.0
68
61
56
19
13
4
0
2
6
8.8
6
8.8
4
88
.311
.292
.368
.350
.475
.439
.363
.342
2
93.2
91.4
11
Graphs
216

Rivera, Emmanuel
233
1151
20.2
70
56
46
16
13
2
1
0
13
18.6
8
11.4
13
97
.286
.259
.386
.375
.357
.349
.332
.339
3
93.3
92.0
-1
Graphs
217

Meneses, Joey
233
1142
20.4
71
63
57
17
16
1
0
0
7
9.9
5
7.0
12
113
.270
.222
.338
.305
.286
.264
.285
.268
0
93.3
89.2
-7
Graphs
218

Laureano, Ramón
232
1180
19.7
68
57
46
15
9
3
0
3
11
16.2
7
10.3
14
111
.263
.278
.382
.395
.474
.480
.376
.384
5
92.8
86.6
3
Graphs
219

Kelenic, Jarred
231
1758
13.1
63
56
49
15
12
2
0
1
7
11.1
7
11.1
25
119
.268
.297
.349
.375
.357
.465
.317
.365
3
93.1
87.2
12
Graphs
220

Urías, Ramón
231
1150
20.1
65
60
52
20
14
3
0
3
8
12.3
3
4.6
26
117
.333
.355
.385
.405
.533
.612
.396
.431
5
92.7
92.5
7
Graphs
221

Mullins, Cedric
231
1938
11.9
58
51
48
14
9
3
1
1
4
6.9
6
10.3
9
105
.275
.329
.345
.392
.431
.458
.336
.370
2
93.1
85.5
12
Graphs
222

Raleigh, Cal
230
2514
9.1
74
68
59
19
12
3
0
4
11
14.9
4
5.4
16
130
.279
.294
.311
.334
.500
.612
.342
.400
10
93.8
95.0
20
Graphs
223

Duvall, Adam
228
1252
18.2
59
56
45
13
9
2
0
2
11
18.6
3
5.1
11
102
.232
.314
.271
.349
.375
.559
.282
.386
5
93.4
90.0
1
Graphs
224

Gonzales, Nick
227
1371
16.6
75
69
61
24
19
4
1
0
9
12.0
2
2.7
20
135
.348
.314
.387
.363
.435
.420
.359
.352
4
93.2
90.7
1
Graphs
225

Benson, Will
226
1656
13.6
60
55
40
16
9
4
0
3
15
25.0
4
6.7
30
115
.291
.269
.350
.330
.527
.521
.376
.363
5
92.8
87.5
10
Graphs
226

Miranda, Jose
226
1540
14.7
73
72
63
22
18
3
0
1
9
12.3
0
0.0
15
127
.306
.270
.315
.280
.389
.378
.307
.284
2
93.5
89.1
9
Graphs
227

Buxton, Byron
225
1458
15.4
60
54
44
15
8
5
0
2
10
16.7
1
1.7
29
123
.278
.276
.350
.349
.481
.544
.362
.382
6
94.0
89.2
12
Graphs
228

Polanco, Jorge
224
1946
11.5
57
52
46
15
10
2
0
3
6
10.5
5
8.8
19
105
.288
.367
.351
.422
.500
.586
.367
.432
5
93.8
91.5
16
Graphs
229

Murphy, Sean
223
1065
20.9
57
50
41
10
7
1
0
2
9
15.8
6
10.5
14
96
.200
.246
.298
.338
.340
.404
.287
.327
2
93.7
88.1
3
Graphs
230

Herrera, Iván
223
1036
21.5
56
51
42
18
13
4
0
1
9
16.1
5
8.9
13
97
.353
.302
.411
.365
.490
.459
.392
.359
2
93.6
87.8
2
Graphs
231

Smith, Dominic
222
1211
18.3
58
51
36
11
7
4
0
0
15
25.9
7
12.1
15
96
.216
.237
.310
.329
.294
.333
.276
.298
3
92.8
90.3
5
Graphs
232

Heim, Jonah
221
1781
12.4
72
70
58
16
14
0
0
2
12
16.7
2
2.8
25
130
.229
.215
.250
.237
.314
.313
.248
.239
3
93.3
90.9
11
Graphs
233

Tauchman, Mike
219
1537
14.2
60
53
42
13
10
2
0
1
11
18.3
7
11.7
19
97
.245
.274
.333
.359
.340
.463
.303
.358
5
93.3
90.8
13
Graphs
234

Higashioka, Kyle
217
1062
20.4
63
57
46
13
8
4
0
1
11
17.5
6
9.5
15
99
.228
.263
.302
.333
.351
.416
.290
.329
2
93.5
88.4
16
Graphs
235

Kepler, Max
216
1498
14.4
56
52
43
13
11
2
0
0
9
16.1
3
5.4
20
111
.250
.296
.304
.347
.288
.394
.268
.327
1
93.0
93.1
6
Graphs
236

Conforto, Michael
216
1965
11.0
66
62
52
20
10
6
0
4
10
15.2
4
6.1
14
105
.323
.318
.364
.360
.613
.566
.414
.394
8
92.8
93.6
3
Graphs
237

Taylor, Tyrone
216
1323
16.3
57
54
44
18
9
8
1
0
10
17.5
3
5.3
13
104
.333
.370
.368
.403
.519
.583
.379
.422
4
93.5
93.5
8
Graphs
238

Taylor, Michael A.
215
1202
17.9
52
43
34
13
9
2
0
2
10
19.2
8
15.4
17
94
.302
.305
.404
.414
.488
.521
.386
.413
5
93.9
90.3
14
Graphs
239

Refsnyder, Rob
214
1202
17.8
64
60
52
19
15
2
0
2
8
12.5
3
4.7
17
117
.317
.273
.359
.319
.450
.378
.353
.308
3
93.4
88.1
10
Graphs
240

Jiménez, Eloy
214
1201
17.8
66
61
52
15
11
4
0
0
9
13.6
4
6.1
14
98
.246
.240
.303
.298
.311
.303
.276
.271
1
93.2
92.0
-4
Graphs
241

Butler, Lawrence
213
1815
11.7
65
62
47
14
8
4
0
2
16
24.6
2
3.1
15
109
.226
.183
.246
.219
.387
.235
.270
.207
1
93.6
87.4
-8
Graphs
242

Abreu, Wilyer
213
1806
11.8
57
49
43
20
11
4
0
5
6
10.5
7
12.3
12
90
.408
.422
.491
.505
.796
.803
.535
.542
7
93.0
94.0
1
Graphs
243

Rosario, Amed
213
1210
17.6
63
60
51
12
10
2
0
0
9
14.3
3
4.8
17
118
.200
.266
.238
.301
.233
.350
.213
.286
2
93.5
87.7
-9
Graphs
244

Raley, Luke
212
1713
12.4
64
53
43
15
9
2
0
4
11
17.2
6
9.4
19
92
.283
.269
.391
.379
.547
.486
.401
.373
3
93.9
87.3
7
Graphs
245

Sánchez, Gary
211
1158
18.2
51
43
35
14
8
0
0
6
8
15.7
6
11.8
13
78
.326
.277
.431
.390
.744
.631
.489
.428
5
93.1
89.6
5
Graphs
246

Flores, Wilmer
209
964
21.7
57
49
47
14
10
2
0
2
4
7.0
3
5.3
1
89
.286
.309
.351
.392
.449
.477
.345
.383
4
93.2
86.6
24
Graphs
247

Yepez, Juan
208
966
21.5
56
51
47
16
13
3
0
0
5
8.9
3
5.4
13
107
.314
.325
.357
.374
.373
.406
.322
.345
3
93.3
88.4
4
Graphs
248

Rizzo, Anthony
207
1432
14.5
52
45
42
10
9
0
0
1
3
5.8
5
9.6
6
86
.222
.260
.327
.360
.289
.359
.286
.323
1
92.9
89.1
9
Graphs
249

Gorman, Nolan
207
1596
13.0
52
42
33
11
7
1
0
3
9
17.3
10
19.2
23
97
.262
.308
.404
.441
.500
.597
.394
.440
4
93.5
88.8
8
Graphs
250

Albies, Ozzie
206
1649
12.5
52
46
44
11
7
3
0
1
4
7.7
4
7.7
21
115
.239
.264
.288
.324
.370
.452
.283
.337
4
92.7
90.9
10
Graphs
251

Bailey, Patrick
204
1787
11.4
56
44
39
9
8
1
0
0
5
8.9
12
21.4
8
87
.205
.300
.375
.450
.227
.403
.296
.385
1
93.4
93.0
3
Graphs
252

Yelich, Christian
203
1268
16.0
62
47
40
15
12
1
1
1
7
11.3
14
22.6
11
84
.319
.296
.484
.469
.447
.418
.417
.402
1
92.9
92.2
-4
Graphs
253

Vargas, Ildemaro
202
1058
19.1
57
50
48
14
10
4
0
0
2
3.5
6
10.5
3
89
.280
.271
.368
.360
.360
.341
.328
.319
1
93.4
90.2
-7
Graphs
254

Perdomo, Geraldo
200
1580
12.7
44
40
35
15
12
2
1
0
5
11.4
4
9.1
5
80
.375
.268
.432
.335
.475
.363
.396
.310
1
94.0
90.0
8
Graphs
255

Friedl, TJ
198
1286
15.4
55
49
42
13
11
2
0
0
8
14.5
5
9.1
6
85
.265
.312
.327
.374
.306
.371
.285
.335
0
93.0
85.1
3
Graphs
256

Sosa, Edmundo
197
1050
18.8
58
52
45
19
12
4
2
1
7
12.1
4
6.9
23
101
.365
.336
.431
.405
.577
.541
.431
.409
5
93.4
93.2
6
Graphs
257

Senzel, Nick
197
1005
19.6
51
49
36
10
7
1
0
2
13
25.5
1
2.0
10
92
.204
.219
.235
.250
.347
.362
.254
.266
2
93.4
85.3
7
Graphs
258

Iglesias, Jose
197
1075
18.3
53
50
43
21
14
6
0
1
7
13.2
2
3.8
7
92
.420
.354
.453
.390
.600
.491
.453
.384
2
93.9
92.1
1
Graphs
259

Newman, Kevin
196
1070
18.3
53
48
47
17
13
3
0
1
3
5.7
3
5.7
6
83
.354
.310
.377
.339
.479
.400
.365
.321
1
93.7
87.5
-1
Graphs
260

Siani, Michael
196
1289
15.2
54
50
38
11
9
2
0
0
12
22.2
4
7.4
21
92
.220
.206
.278
.265
.260
.260
.244
.239
1
92.5
82.5
2
Graphs
261

Lee, Korey
195
1429
13.6
71
67
57
18
13
3
0
2
10
14.1
4
5.6
21
126
.269
.243
.310
.286
.403
.365
.311
.285
3
93.3
89.0
5
Graphs
262

Wells, Austin
193
1638
11.8
57
45
39
12
5
5
0
2
6
10.5
11
19.3
10
84
.267
.245
.421
.404
.511
.430
.405
.372
3
93.0
91.3
7
Graphs
263

Crow-Armstrong, Pete
193
1421
13.6
52
51
42
15
12
2
0
1
10
19.2
0
0.0
25
116
.294
.292
.288
.293
.392
.420
.291
.308
4
93.2
89.7
9
Graphs
264

Isbel, Kyle
193
1582
12.2
55
49
43
14
8
2
3
1
6
10.9
5
9.1
5
83
.286
.282
.364
.362
.510
.426
.374
.347
3
93.1
92.6
-2
Graphs
265

Rendon, Anthony
192
977
19.7
64
59
56
21
17
4
0
0
4
6.3
2
3.1
4
89
.356
.299
.391
.341
.424
.383
.357
.319
2
93.6
89.0
6
Graphs
266

Stallings, Jacob
191
1073
17.8
47
36
31
11
5
2
1
3
6
12.8
5
10.6
15
77
.306
.311
.447
.454
.667
.584
.462
.441
4
93.0
90.2
5
Graphs
267

Lewis, Royce
190
1233
15.4
45
38
30
10
3
4
0
3
9
20.0
6
13.3
16
83
.263
.293
.356
.388
.605
.557
.399
.400
5
93.7
86.0
4
Graphs
268

Singleton, Jon
189
1626
11.6
65
58
46
14
9
1
1
3
13
20.0
6
9.2
13
77
.241
.242
.308
.312
.448
.489
.324
.342
7
92.9
91.6
7
Graphs
269

Pérez, Wenceel
188
1754
10.7
49
44
36
11
9
0
0
2
8
16.3
5
10.2
12
89
.250
.280
.327
.354
.386
.427
.316
.342
2
93.2
92.7
11
Graphs
270

Edwards, Xavier
187
1185
15.8
51
42
34
20
16
3
1
0
8
15.7
9
17.6
13
85
.476
.318
.569
.441
.595
.406
.503
.382
0
93.6
88.7
6
Graphs
271

Duran, Ezequiel
187
1011
18.5
55
51
42
10
7
3
0
0
9
16.4
2
3.6
9
96
.196
.206
.255
.263
.255
.284
.232
.245
2
93.4
86.4
3
Graphs
272

Pillar, Kevin
186
1206
15.4
49
45
39
14
7
4
0
3
7
14.3
1
2.0
14
94
.311
.292
.347
.336
.600
.505
.397
.359
4
93.2
87.5
14
Graphs
273

Grichuk, Randal
185
1088
17.0
50
44
40
18
12
3
1
2
4
8.0
6
12.0
5
76
.409
.301
.480
.385
.659
.479
.483
.376
4
93.7
91.1
8
Graphs
274

Vargas, Miguel
184
1009
18.2
53
47
39
6
3
1
0
2
9
17.0
4
7.5
11
81
.128
.206
.208
.288
.277
.334
.217
.280
2
93.7
87.9
12
Graphs
275

Palacios, Richie
184
1281
14.4
50
38
32
15
12
2
0
1
6
12.0
11
22.0
6
71
.395
.372
.540
.522
.526
.508
.469
.455
1
93.1
86.4
8
Graphs
276

Candelario, Jeimer
182
1781
10.2
59
57
46
16
11
4
0
1
11
18.6
2
3.4
13
90
.281
.306
.305
.329
.404
.517
.308
.360
5
93.1
91.4
4
Graphs
277

Contreras, Willson
181
1382
13.1
48
38
34
15
6
4
0
5
4
8.3
8
16.7
15
79
.395
.402
.521
.527
.895
.866
.573
.564
7
93.1
89.8
21
Graphs
278

Nevin, Tyler
180
1090
16.5
52
41
38
13
8
4
0
1
4
7.7
9
17.3
11
78
.317
.323
.442
.451
.488
.469
.405
.405
3
93.8
91.6
7
Graphs
279

Rocchio, Brayan
179
1669
10.7
55
43
41
10
6
4
0
0
4
7.3
10
18.2
7
89
.233
.266
.364
.393
.326
.368
.313
.344
1
92.6
90.0
2
Graphs
280

Anderson, Tim
177
945
18.7
42
40
35
14
13
1
0
0
5
11.9
2
4.8
14
94
.350
.277
.381
.311
.375
.314
.336
.278
0
93.4
86.2
-9
Graphs
281

Lowe, Josh
177
1672
10.6
39
34
21
9
7
2
0
0
13
33.3
5
12.8
20
79
.265
.218
.359
.318
.324
.310
.311
.287
1
93.1
90.4
14
Graphs
282

Slater, Austin
176
882
20.0
49
37
33
10
9
0
0
1
6
12.2
10
20.4
16
69
.270
.291
.408
.428
.351
.446
.344
.386
2
92.5
91.0
9
Graphs
283

Fraley, Jake
176
1331
13.2
63
54
48
16
15
0
0
1
6
9.5
7
11.1
13
98
.296
.295
.397
.395
.352
.359
.342
.342
1
92.8
82.7
-2
Graphs
284

LeMahieu, DJ
175
845
20.7
46
39
36
10
8
2
0
0
4
8.7
6
13.0
5
73
.256
.282
.348
.371
.308
.361
.298
.328
1
92.6
88.2
-9
Graphs
285

Margot, Manuel
174
1308
13.3
56
53
47
12
10
2
0
0
6
10.7
1
1.8
11
84
.226
.271
.268
.311
.264
.421
.240
.319
2
93.1
88.2
5
Graphs
286

Vázquez, Christian
173
1141
15.2
45
41
36
13
10
1
0
2
6
13.3
2
4.4
7
72
.317
.282
.356
.333
.488
.389
.362
.321
1
93.4
87.5
13
Graphs
287

Pagés, Pedro
172
849
20.3
45
43
36
9
8
0
0
1
7
15.6
2
4.4
8
78
.209
.221
.244
.255
.279
.312
.233
.251
1
92.7
89.4
-5
Graphs
288

Grandal, Yasmani
171
952
18.0
47
41
37
6
4
2
0
0
4
8.5
6
12.8
9
67
.146
.215
.255
.315
.195
.329
.216
.291
2
93.3
92.4
3
Graphs
289

Muncy, Max
171
1208
14.2
45
33
27
9
5
4
0
0
7
15.6
10
22.2
11
60
.273
.319
.444
.483
.394
.486
.379
.429
2
92.5
95.0
27
Graphs
290

Acuña Jr., Ronald
171
905
18.9
47
38
28
13
8
2
1
2
10
21.3
8
17.0
21
81
.342
.298
.468
.435
.605
.522
.457
.415
3
93.3
90.4
1
Graphs
291

Bauers, Jake
170
1512
11.2
41
35
26
8
4
0
1
3
9
22.0
5
12.2
11
63
.229
.249
.341
.359
.543
.551
.376
.386
4
93.1
87.1
9
Graphs
292

Tucker, Kyle
168
1349
12.5
45
41
35
14
8
1
0
5
6
13.3
4
8.9
6
68
.341
.345
.400
.403
.732
.652
.474
.444
6
92.9
90.4
15
Graphs
293

Melendez, MJ
168
1845
9.1
45
43
38
7
5
0
0
2
5
11.1
2
4.4
20
88
.163
.299
.200
.330
.302
.499
.220
.354
2
93.2
94.6
1
Graphs
294

Marte, Noelvi
167
882
18.9
43
41
29
12
11
1
0
0
12
27.9
1
2.3
19
81
.293
.291
.326
.324
.317
.388
.288
.313
2
93.6
80.5
-1
Graphs
295

Robles, Victor
163
1020
16.0
47
40
34
11
7
3
0
1
6
12.8
4
8.5
10
79
.275
.280
.383
.389
.425
.425
.360
.362
1
93.9
84.0
4
Graphs
296

Lowe, Brandon
162
1624
10.0
44
37
30
12
6
5
0
1
7
15.9
6
13.6
11
73
.324
.327
.432
.434
.541
.587
.420
.434
4
93.2
94.5
4
Graphs
297

Massey, Michael
162
1330
12.2
54
50
46
15
11
3
0
1
5
9.3
2
3.7
4
76
.300
.275
.333
.322
.420
.414
.326
.335
3
92.7
91.5
7
Graphs
298

Hamilton, David
162
1190
13.6
50
46
42
15
9
6
0
0
4
8.0
4
8.0
8
73
.326
.327
.380
.380
.457
.447
.364
.362
1
93.6
89.0
13
Graphs
299

Martin, Austin
160
934
17.1
50
46
42
13
11
2
0
0
4
8.0
4
8.0
7
69
.283
.301
.340
.357
.326
.377
.299
.325
0
93.0
87.7
4
Graphs
300

Montero, Elehuris
160
923
17.3
40
37
34
13
9
3
0
1
4
10.0
2
5.0
9
85
.351
.232
.375
.280
.514
.349
.378
.279
1
93.4
91.1
4
Graphs
301

Jiménez, Leo
160
847
18.9
48
37
31
10
8
0
0
2
7
14.6
2
4.2
13
79
.270
.238
.417
.392
.432
.358
.381
.346
2
93.8
82.7
-3
Graphs
302

Naylor, Bo
159
1624
9.8
48
42
35
14
10
1
1
2
7
14.6
5
10.4
9
68
.333
.304
.417
.391
.548
.503
.415
.387
3
93.2
93.6
12
Graphs
303

Ahmed, Nick
158
851
18.6
39
38
34
13
11
0
1
1
4
10.3
1
2.6
13
74
.342
.283
.359
.301
.474
.462
.360
.327
2
92.6
84.6
11
Graphs
304

Jones, Nolan
157
1301
12.1
39
34
30
10
8
1
0
1
4
10.3
5
12.8
8
66
.294
.307
.385
.396
.412
.511
.354
.393
3
92.6
85.8
-7
Graphs
305

Rortvedt, Ben
156
1357
11.5
44
36
27
14
11
2
0
1
9
20.5
7
15.9
10
52
.389
.307
.500
.433
.528
.435
.450
.386
1
93.9
91.8
8
Graphs
306

Cabrera, Oswaldo
156
1267
12.3
37
32
24
5
4
0
0
1
8
21.6
5
13.5
8
65
.156
.207
.270
.314
.250
.283
.244
.275
0
93.3
92.2
9
Graphs
307

McCormick, Chas
155
1010
15.3
46
40
36
11
10
1
0
0
5
10.9
3
6.5
17
82
.275
.238
.348
.317
.300
.288
.295
.278
0
93.2
82.8
-3
Graphs
308

Wade Jr., LaMonte
155
1639
9.5
49
36
28
13
11
0
0
2
8
16.3
12
24.5
8
64
.361
.356
.531
.527
.528
.557
.465
.470
4
93.0
90.0
8
Graphs
309

Toro, Abraham
154
1394
11.0
41
39
31
11
8
2
0
1
8
19.5
2
4.9
6
61
.282
.287
.317
.322
.410
.456
.317
.335
2
93.5
89.4
5
Graphs
310

Toglia, Michael
153
1920
8.0
50
44
39
18
9
4
0
5
6
12.0
5
10.0
9
70
.409
.374
.460
.431
.841
.729
.533
.479
5
92.6
95.0
2
Graphs
311

Ramírez, Harold
152
878
17.3
43
40
32
14
13
1
0
0
8
18.6
3
7.0
24
77
.350
.275
.395
.328
.375
.326
.344
.294
0
93.2
91.6
-12
Graphs
312

Caminero, Junior
152
629
24.2
40
40
33
7
6
1
0
0
7
17.5
0
0.0
15
66
.175
.194
.175
.194
.200
.264
.164
.198
2
94.3
88.3
7
Graphs
313

Peralta, David
151
1014
14.9
40
35
31
9
7
0
0
2
4
10.0
4
10.0
7
66
.257
.317
.350
.403
.429
.454
.344
.377
2
93.2
86.2
3
Graphs
314

Fletcher, Dominic
149
900
16.6
39
35
26
6
6
0
0
0
9
23.1
2
5.1
7
66
.171
.169
.237
.234
.171
.197
.194
.201
0
92.3
82.5
-2
Graphs
315

Taylor, Chris
149
1046
14.2
36
29
25
8
6
2
0
0
4
11.1
6
16.7
12
69
.276
.316
.417
.449
.345
.470
.352
.406
2
93.6
87.1
4
Graphs
316

Frazier, Adam
147
1211
12.1
43
40
35
8
4
3
0
1
5
11.6
2
4.7
5
66
.200
.289
.256
.338
.350
.447
.266
.342
3
92.6
86.6
15
Graphs
317

Larnach, Trevor
147
1576
9.3
45
38
32
15
14
1
0
0
6
13.3
6
13.3
6
57
.395
.302
.489
.410
.421
.395
.410
.363
2
92.9
92.0
-1
Graphs
318

Báez, Javier
146
1028
14.2
46
46
41
11
8
3
0
0
5
10.9
0
0.0
5
68
.239
.297
.239
.297
.304
.401
.235
.301
3
93.2
92.1
-3
Graphs
319

Lipscomb, Trey
146
780
18.7
44
37
33
13
12
1
0
0
4
9.1
5
11.4
8
70
.351
.221
.442
.330
.378
.280
.372
.283
0
92.8
90.6
-7
Graphs
320

Trevino, Jose
145
896
16.2
40
32
32
7
5
1
0
1
0
0.0
7
17.5
3
56
.219
.262
.375
.410
.344
.329
.331
.344
0
93.2
89.1
2
Graphs
321

McKinstry, Zach
143
1249
11.4
30
27
24
8
5
2
0
1
4
13.3
2
6.7
12
62
.296
.349
.333
.390
.481
.530
.345
.395
2
93.2
93.3
14
Graphs
322

Julien, Edouard
143
1235
11.6
45
41
32
10
7
3
0
0
9
20.0
3
6.7
8
61
.244
.252
.311
.318
.317
.439
.283
.329
3
93.8
88.6
11
Graphs
323

Hays, Austin
142
845
16.8
46
42
39
12
10
2
0
0
3
6.5
1
2.2
11
71
.286
.264
.348
.328
.333
.374
.308
.313
2
93.9
85.9
4
Graphs
324

Suwinski, Jack
142
1114
12.7
40
37
32
10
7
2
0
1
6
15.0
2
5.0
9
62
.270
.330
.300
.361
.405
.475
.303
.364
3
93.1
92.1
2
Graphs
325

Grossman, Robbie
140
1031
13.6
34
29
23
7
7
0
0
0
7
20.6
4
11.8
11
50
.241
.265
.324
.349
.241
.314
.263
.305
0
93.1
84.1
7
Graphs
326

Brown, Seth
140
1552
9.0
52
46
37
11
9
1
0
1
9
17.3
6
11.5
12
69
.239
.277
.327
.360
.326
.397
.296
.337
3
93.9
92.1
10
Graphs
327

Cave, Jake
139
1345
10.3
41
39
29
9
7
2
0
0
10
24.4
2
4.9
12
74
.231
.262
.268
.298
.282
.317
.245
.272
0
92.2
89.3
-4
Graphs
328

McCann, James
138
875
15.8
41
38
32
8
7
0
0
1
6
14.6
3
7.3
13
67
.211
.231
.268
.287
.289
.340
.251
.278
1
93.6
80.8
-1
Graphs
329

Ibáñez, Andy
138
917
15.0
40
37
28
14
13
1
0
0
9
22.5
2
5.0
15
73
.378
.288
.425
.342
.405
.337
.370
.305
0
93.0
90.7
6
Graphs
330

Pache, Cristian
138
753
18.3
32
29
27
11
7
4
0
0
2
6.3
3
9.4
9
72
.379
.332
.438
.394
.517
.559
.414
.408
3
93.3
92.9
7
Graphs
331

Carlson, Dylan
136
1110
12.3
32
29
24
6
3
2
0
1
6
18.8
1
3.1
17
68
.207
.202
.250
.246
.379
.343
.269
.255
0
93.4
92.2
19
Graphs
332

Barnes, Austin
136
593
22.9
39
34
29
14
12
2
0
0
5
12.8
5
12.8
5
68
.412
.302
.487
.391
.471
.414
.424
.358
1
93.8
89.0
10
Graphs
333

Kiermaier, Kevin
136
1020
13.3
43
37
31
14
13
1
0
0
6
14.0
6
14.0
17
66
.378
.280
.465
.381
.405
.331
.392
.327
0
92.9
87.7
-7
Graphs
334

Wisely, Brett
135
988
13.7
37
34
29
10
7
2
0
1
5
13.5
2
5.4
2
53
.294
.298
.351
.356
.441
.410
.347
.338
2
92.9
85.3
8
Graphs
335

Meadows, Parker
134
1214
11.0
30
27
19
8
5
1
2
0
8
26.7
2
6.7
11
54
.296
.275
.367
.348
.481
.381
.365
.324
0
93.0
91.0
11
Graphs
336

Calhoun, Willie
134
958
14.0
39
32
30
8
3
5
0
0
2
5.1
6
15.4
4
56
.250
.288
.385
.416
.406
.399
.353
.367
1
93.3
92.2
10
Graphs
337

Jung, Josh
131
693
18.9
33
31
26
9
9
0
0
0
5
15.2
2
6.1
13
60
.290
.274
.333
.318
.290
.340
.282
.292
0
92.9
86.7
6
Graphs
338

Fairchild, Stuart
131
853
15.4
44
40
35
10
9
1
0
0
5
11.4
2
4.5
14
67
.250
.293
.318
.360
.275
.442
.273
.352
2
93.8
86.9
6
Graphs
339

Heyward, Jason
131
1024
12.8
43
35
32
6
3
2
1
0
3
7.0
7
16.3
8
70
.171
.221
.310
.351
.286
.287
.275
.298
0
93.6
88.9
-8
Graphs
340

Maile, Luke
130
637
20.4
29
25
24
8
6
1
0
1
2
6.9
2
6.9
11
63
.320
.287
.379
.354
.480
.381
.369
.324
1
93.5
84.9
9
Graphs
341

Julks, Corey
129
767
16.8
32
27
22
6
3
2
0
1
6
18.8
4
12.5
7
57
.222
.232
.313
.344
.407
.355
.311
.321
1
93.0
88.2
6
Graphs
342

Alexander, Blaze
128
714
17.9
38
33
25
8
8
0
0
0
8
21.1
4
10.5
16
64
.242
.209
.342
.313
.242
.252
.277
.268
0
93.6
87.3
-10
Graphs
343

Guillorme, Luis
127
802
15.8
28
19
12
4
3
1
0
0
7
25.0
9
32.1
7
46
.211
.198
.464
.456
.263
.267
.361
.358
1
93.9
83.2
-17
Graphs
344

Gallo, Joey
126
1075
11.7
39
36
27
8
4
0
0
4
9
23.1
2
5.1
9
58
.222
.275
.282
.331
.556
.558
.354
.376
4
93.4
91.9
25
Graphs
345

Carpenter, Kerry
125
1131
11.1
32
29
23
10
7
1
0
2
6
18.8
2
6.3
16
61
.345
.258
.387
.306
.586
.515
.416
.349
3
92.9
92.3
12
Graphs
346

Gordon, Nick
124
1008
12.3
33
30
22
3
3
0
0
0
8
24.2
3
9.1
22
68
.100
.177
.182
.255
.100
.231
.143
.226
0
93.0
86.0
-6
Graphs
347

Gonzalez, Romy
124
826
15.0
35
31
27
11
8
1
0
2
4
11.4
4
11.4
14
70
.355
.350
.429
.424
.581
.643
.433
.451
3
92.9
93.5
0
Graphs
348

Biggio, Cavan
124
955
13.0
34
29
23
7
6
1
0
0
6
17.6
5
14.7
4
50
.241
.231
.353
.344
.276
.295
.294
.295
0
93.4
84.4
8
Graphs
349

Brennan, Will
123
1230
10.0
42
42
37
9
7
2
0
0
5
11.9
0
0.0
11
67
.214
.264
.214
.264
.262
.354
.207
.266
1
93.1
90.1
-5
Graphs
350

Loperfido, Joey
123
1003
12.3
40
38
24
10
5
3
1
1
14
35.0
2
5.0
23
75
.263
.224
.300
.263
.474
.404
.330
.288
2
92.7
90.9
2
Graphs
351

Cameron, Daz
123
715
17.2
33
29
27
5
4
1
0
0
2
6.1
3
9.1
9
54
.172
.288
.273
.374
.207
.339
.229
.325
0
93.7
94.3
-5
Graphs
352

Matos, Luis
123
544
22.6
35
34
30
7
5
2
0
0
4
11.4
1
2.9
4
52
.206
.286
.229
.307
.265
.385
.217
.302
0
93.4
88.4
3
Graphs
353

Olivares, Edward
122
768
15.9
25
20
19
4
4
0
0
0
1
4.0
4
16.0
8
53
.200
.323
.360
.458
.200
.373
.280
.381
1
93.4
90.7
-11
Graphs
354

Barger, Addison
121
859
14.1
34
31
24
4
3
1
0
0
8
23.5
1
2.9
9
51
.129
.179
.176
.225
.161
.213
.156
.201
0
93.4
88.9
2
Graphs
355

Walker, Jordan
120
669
17.9
29
27
21
3
3
0
0
0
6
20.7
1
3.4
10
53
.111
.142
.172
.201
.111
.171
.140
.176
0
93.3
87.2
-11
Graphs
356

Noel, Jhonkensy
119
725
16.4
29
27
17
6
4
0
0
2
10
34.5
1
3.4
8
50
.222
.186
.276
.242
.444
.373
.312
.268
2
93.2
82.8
3
Graphs
357

Mateo, Jorge
116
820
14.1
32
29
27
9
6
2
1
0
3
9.4
2
6.3
4
48
.310
.351
.344
.383
.448
.501
.336
.378
1
93.2
90.2
3
Graphs
358

Rengifo, Luis
116
1084
10.7
36
35
30
12
9
3
0
0
5
13.9
1
2.8
7
68
.343
.292
.361
.312
.429
.355
.344
.293
0
93.8
90.8
1
Graphs
359

Jankowski, Travis
116
819
14.2
23
22
18
7
6
1
0
0
4
17.4
1
4.3
8
50
.318
.197
.348
.232
.364
.224
.315
.203
0
93.4
81.6
3
Graphs
360

Goodman, Hunter
115
828
13.9
34
32
26
9
5
2
0
2
6
17.6
1
2.9
11
64
.281
.261
.324
.304
.531
.475
.365
.333
3
93.4
93.4
17
Graphs
361

Bruján, Vidal
115
1055
10.9
31
25
22
8
6
1
1
0
3
9.7
6
19.4
10
53
.320
.293
.452
.430
.440
.342
.396
.356
0
93.3
89.6
-14
Graphs
362

Wisdom, Patrick
114
701
16.3
34
32
28
4
1
0
1
2
4
11.8
2
5.9
9
56
.125
.287
.176
.329
.375
.662
.234
.411
4
93.8
93.0
21
Graphs
363

Norby, Connor
114
759
15.0
28
24
21
7
5
1
0
1
3
10.7
4
14.3
14
69
.292
.307
.393
.406
.458
.490
.374
.390
1
93.6
87.9
4
Graphs
364

Caratini, Victor
113
1039
10.9
29
26
20
8
8
0
0
0
6
20.7
2
6.9
11
46
.308
.257
.379
.334
.308
.299
.316
.289
0
93.4
93.2
0
Graphs
365

Stubbs, Garrett
113
746
15.1
25
19
16
4
3
0
0
1
3
12.0
5
20.0
4
46
.211
.201
.400
.392
.368
.277
.354
.322
0
92.5
79.1
18
Graphs
366

Monasterio, Andruw
112
647
17.3
30
27
22
6
5
1
0
0
5
16.7
3
10.0
6
51
.222
.253
.300
.327
.259
.437
.258
.330
3
93.4
92.9
18
Graphs
367

Davis, Henry
112
521
21.5
25
22
15
2
2
0
0
0
7
28.0
3
12.0
13
53
.091
.172
.200
.271
.091
.207
.153
.228
0
93.4
77.9
20
Graphs
368

Malloy, Justyn-Henry
112
992
11.3
32
31
24
8
4
2
0
2
7
21.9
1
3.1
10
56
.258
.203
.281
.228
.516
.452
.338
.286
4
93.2
88.0
11
Graphs
369

Beck, Jordan
112
659
17.0
35
32
26
7
6
1
0
0
6
17.1
3
8.6
7
57
.219
.292
.286
.353
.250
.412
.246
.336
1
93.4
89.4
11
Graphs
370

Call, Alex
111
493
22.5
24
22
21
10
8
2
0
0
1
4.2
2
8.3
1
45
.455
.312
.500
.369
.545
.373
.456
.331
0
93.7
87.1
2
Graphs
371

Velázquez, Nelson
111
903
12.3
34
30
25
10
5
2
0
3
5
14.7
3
8.8
5
49
.333
.359
.412
.435
.700
.798
.466
.509
4
93.2
88.6
10
Graphs
372

Mitchell, Garrett
111
891
12.5
32
27
17
10
7
3
0
0
10
31.3
5
15.6
9
42
.370
.170
.469
.300
.481
.192
.418
.243
0
93.0
87.4
-12
Graphs
373

Stefanic, Michael
110
482
22.8
28
25
20
6
5
1
0
0
5
17.9
2
7.1
3
39
.240
.233
.321
.315
.280
.257
.277
.267
0
93.6
84.5
-10
Graphs
374

Adams, Riley
108
531
20.3
28
27
21
4
3
1
0
0
6
21.4
1
3.6
9
49
.148
.152
.179
.182
.185
.165
.164
.158
0
93.0
91.8
1
Graphs
375

Rosario, Eddie
108
1187
9.1
36
32
28
7
5
0
0
2
5
13.9
3
8.3
6
63
.219
.235
.278
.293
.406
.344
.294
.279
0
93.2
92.3
21
Graphs
376

Grisham, Trent
106
854
12.4
32
29
19
6
2
2
0
2
10
31.3
3
9.4
9
45
.207
.156
.281
.235
.483
.284
.326
.233
1
93.2
90.5
8
Graphs
377

Hill, Derek
106
609
17.4
30
29
25
6
4
1
0
1
4
13.3
0
0.0
7
59
.207
.315
.233
.337
.345
.455
.252
.344
3
93.4
89.6
-1
Graphs
378

Loftin, Nick
106
626
16.9
31
29
27
5
4
1
0
0
2
6.5
2
6.5
1
50
.172
.215
.226
.266
.207
.270
.199
.242
1
92.6
79.5
-3
Graphs
379

Schneemann, Daniel
105
901
11.7
30
22
19
6
4
0
1
1
5
16.7
6
20.0
9
45
.273
.171
.400
.348
.500
.315
.377
.318
1
92.9
89.6
13
Graphs
380

Hampson, Garrett
105
883
11.9
33
33
28
6
5
1
0
0
5
15.2
0
0.0
7
56
.182
.254
.182
.254
.212
.379
.172
.272
2
93.6
88.0
-3
Graphs
381

Walls, Taylor
104
1028
10.1
25
21
15
3
2
0
1
0
6
24.0
4
16.0
7
47
.143
.181
.280
.312
.238
.313
.244
.286
1
93.1
91.2
15
Graphs
382

Arias, Gabriel
103
578
17.8
30
29
18
7
5
1
0
1
11
36.7
1
3.3
15
53
.241
.201
.267
.228
.379
.319
.280
.237
1
93.4
87.3
-4
Graphs
383

Harris, Brett
102
493
20.7
23
17
15
4
2
1
0
1
2
8.7
6
26.1
4
35
.235
.294
.435
.478
.471
.464
.400
.419
1
94.4
91.7
-5
Graphs
384

Stowers, Kyle
102
819
12.5
29
25
15
5
3
2
0
0
10
34.5
3
10.3
14
45
.200
.181
.310
.298
.280
.206
.274
.247
0
93.4
88.7
-8
Graphs
385

Trout, Mike
101
574
17.6
22
18
15
5
3
0
0
2
3
13.6
3
13.6
6
43
.278
.359
.409
.476
.611
.675
.433
.484
2
93.2
86.5
15
Graphs
386

Maldonado, Martín
101
556
18.2
27
26
19
5
4
0
0
1
7
25.9
1
3.7
11
53
.192
.267
.222
.294
.308
.553
.232
.358
3
92.7
86.6
7
Graphs
387

Carpenter, Matt
99
669
14.8
31
25
19
9
7
2
0
0
6
19.4
5
16.1
4
42
.360
.372
.484
.494
.440
.525
.414
.445
1
93.6
87.7
19
Graphs
388

Moniak, Mickey
98
1534
6.4
22
20
17
6
6
0
0
0
3
13.6
0
0.0
12
54
.300
.271
.364
.337
.300
.351
.306
.311
1
92.4
85.7
4
Graphs
389

Casas, Triston
98
991
9.9
24
21
17
6
4
0
0
2
4
16.7
3
12.5
14
53
.286
.298
.375
.386
.571
.526
.404
.393
1
93.3
94.1
14
Graphs
390

Farmer, Kyle
98
882
11.1
25
23
19
4
3
1
0
0
4
16.0
2
8.0
4
37
.174
.266
.240
.325
.217
.419
.211
.324
1
93.6
85.2
5
Graphs
391

Holliday, Jackson
97
826
11.7
29
26
17
4
2
1
0
1
9
31.0
2
6.9
12
47
.154
.190
.241
.274
.308
.342
.247
.275
2
92.3
84.7
-9
Graphs
392

Rice, Ben
96
724
13.3
27
21
18
5
5
0
0
0
5
18.5
3
11.1
6
39
.238
.305
.333
.407
.238
.406
.267
.368
2
93.4
93.6
10
Graphs
393

Baty, Brett
96
676
14.2
27
23
16
10
7
1
0
2
7
25.9
3
11.1
12
44
.435
.344
.519
.441
.739
.592
.530
.442
2
92.8
96.8
17
Graphs
394

Bryant, Kris
96
608
15.8
25
19
19
7
7
0
0
0
0
0.0
2
8.0
6
43
.368
.292
.520
.462
.368
.380
.417
.390
0
93.3
81.1
14
Graphs
395

Encarnacion, Jerar
95
490
19.4
21
20
15
8
8
0
0
0
5
23.8
1
4.8
10
41
.400
.369
.429
.400
.400
.499
.369
.391
1
93.4
97.5
6
Graphs
396

Lee, Jung Hoo
93
569
16.3
24
22
18
5
5
0
0
0
4
16.7
2
8.3
4
38
.227
.287
.292
.346
.227
.464
.241
.350
1
92.4
97.1
0
Graphs
397

Valdez, Enmanuel
93
919
10.1
19
15
13
1
1
0
0
0
2
10.5
4
21.1
4
31
.067
.242
.263
.411
.067
.334
.191
.347
0
92.1
85.9
1
Graphs
398

Abreu, José
93
486
19.1
21
19
17
3
3
0
0
0
3
14.3
0
0.0
6
44
.158
.143
.190
.184
.158
.157
.160
.161
0
92.8
85.3
-14
Graphs
399

Jackson, Alex
92
626
14.7
20
17
15
4
1
3
0
0
2
10.0
2
10.0
13
47
.235
.226
.350
.342
.412
.392
.337
.327
1
93.3
85.9
4
Graphs
400

Bethancourt, Christian
92
516
17.8
29
27
22
6
4
1
0
1
5
17.2
2
6.9
8
51
.222
.246
.276
.298
.370
.453
.283
.324
2
93.0
88.3
-6
Graphs
401

Martínez, Angel
92
677
13.6
22
19
17
5
5
0
0
0
2
9.1
3
13.6
3
33
.263
.229
.364
.334
.263
.261
.294
.278
0
94.6
86.3
1
Graphs
402

Casali, Curt
91
476
19.1
24
22
19
5
5
0
0
0
3
12.5
2
8.3
4
43
.227
.283
.292
.343
.227
.384
.241
.323
0
93.2
86.0
15
Graphs
403

Torrens, Luis
91
510
17.8
25
22
15
6
4
0
0
2
7
28.0
2
8.0
7
37
.273
.304
.360
.387
.545
.515
.389
.391
2
94.5
93.4
3
Graphs
404

Stewart, DJ
90
765
11.8
24
20
17
6
5
1
0
0
3
12.5
3
12.5
6
40
.300
.299
.417
.416
.350
.439
.352
.378
1
93.0
90.7
21
Graphs
405

Wade, Tyler
90
587
15.3
19
15
12
3
2
1
0
0
3
15.8
4
21.1
9
33
.200
.260
.368
.416
.267
.467
.304
.389
1
94.1
94.8
7
Graphs
406

Grissom, Vaughn
90
443
20.3
26
22
20
2
2
0
0
0
3
11.5
3
11.5
4
44
.091
.208
.192
.296
.091
.270
.147
.260
0
92.8
88.3
1
Graphs
407

Hernaiz, Darell
89
510
17.5
21
18
17
4
3
0
0
1
1
4.8
3
14.3
6
39
.222
.255
.333
.361
.389
.319
.322
.312
0
92.9
87.1
9
Graphs
408

Encarnacion-Strand, Christian
88
451
19.5
24
22
16
5
2
2
0
1
6
25.0
1
4.2
10
45
.227
.274
.292
.335
.455
.446
.322
.342
1
94.4
87.8
11
Graphs
409

Wallner, Matt
88
1030
8.5
23
20
9
4
2
0
0
2
11
47.8
2
8.7
7
33
.200
.185
.304
.291
.500
.498
.346
.336
2
93.5
94.1
15
Graphs
410

Hilliard, Sam
86
648
13.3
20
20
14
5
3
2
0
0
6
30.0
0
0.0
6
41
.250
.258
.250
.258
.350
.415
.258
.282
2
92.2
98.0
11
Graphs
411

Tena, José
86
673
12.8
22
22
18
3
3
0
0
0
4
18.2
0
0.0
5
45
.136
.233
.136
.233
.136
.334
.120
.244
1
92.5
90.1
-9
Graphs
412

Martini, Nick
85
625
13.6
33
28
25
7
5
1
1
0
5
15.2
3
9.1
2
46
.250
.208
.303
.289
.357
.272
.282
.259
0
92.8
85.0
9
Graphs
413

Carter, Evan
85
648
13.1
25
23
17
2
2
0
0
0
6
24.0
1
4.0
5
35
.087
.167
.160
.233
.087
.257
.127
.222
1
92.8
81.7
4
Graphs
414

Mead, Curtis
82
471
17.4
23
21
13
4
3
1
0
0
8
34.8
1
4.3
7
37
.190
.141
.261
.216
.238
.182
.231
.190
0
92.7
90.9
3
Graphs
415

Mendick, Danny
82
540
15.2
22
22
18
6
2
4
0
0
4
18.2
0
0.0
13
43
.273
.271
.273
.271
.455
.355
.308
.269
1
92.7
80.8
9
Graphs
416

McCoy, Mason
82
232
35.3
20
17
13
6
4
2
0
0
4
20.0
3
15.0
6
33
.353
.310
.450
.414
.471
.354
.405
.350
0
93.9
80.8
0
Graphs
417

Scott II, Victor
81
568
14.3
33
30
24
6
4
2
0
0
6
18.2
2
6.1
5
44
.200
.182
.273
.257
.267
.287
.246
.246
1
94.4
86.3
-7
Graphs
418

Sánchez, Ali
80
338
23.7
19
18
18
4
3
1
0
0
0
0.0
0
0.0
1
34
.222
.261
.263
.300
.278
.406
.243
.309
1
93.3
89.6
-1
Graphs
419

Madrigal, Nick
80
358
22.3
19
15
14
3
2
1
0
0
1
5.3
1
5.3
1
33
.200
.205
.368
.372
.267
.247
.309
.304
0
94.6
87.4
-4
Graphs
420

Urías, Luis
80
452
17.7
23
17
13
7
4
2
0
1
4
17.4
4
17.4
6
36
.412
.306
.565
.487
.706
.578
.534
.458
2
92.7
90.9
6
Graphs
421

Outman, James
79
634
12.5
23
21
15
7
6
0
0
1
6
26.1
2
8.7
7
36
.333
.327
.391
.386
.476
.540
.379
.395
1
92.7
89.5
5
Graphs
422

Chaparro, Andrés
79
525
15.0
25
22
21
4
2
1
0
1
1
4.0
1
4.0
5
39
.182
.256
.280
.346
.364
.500
.288
.364
2
92.6
92.8
15
Graphs
423

Soderstrom, Tyler
78
770
10.1
21
17
15
6
4
1
0
1
2
9.5
4
19.0
5
31
.353
.235
.476
.381
.588
.480
.457
.373
1
93.7
83.7
0
Graphs
424

Aranda, Jonathan
78
573
13.6
28
26
18
7
6
1
0
0
8
28.6
2
7.1
5
33
.269
.216
.321
.272
.308
.311
.283
.259
2
93.0
90.5
5
Graphs
425

Short, Zack
78
391
19.9
18
15
13
2
1
1
0
0
2
11.1
3
16.7
5
28
.133
.197
.278
.331
.200
.335
.234
.301
1
92.6
90.5
17
Graphs
426

Smith, Pavin
76
631
12.0
17
14
10
5
3
0
0
2
4
23.5
3
17.6
3
24
.357
.406
.471
.511
.786
.847
.518
.556
2
94.4
91.0
3
Graphs
427

Lee, Brooks
76
614
12.4
29
28
24
4
3
1
0
0
4
13.8
1
3.4
5
44
.143
.193
.172
.222
.179
.290
.158
.224
1
93.5
84.0
5
Graphs
428

Thaiss, Matt
76
754
10.1
24
22
17
6
4
1
0
1
5
20.8
2
8.3
5
36
.273
.281
.333
.341
.455
.575
.342
.384
3
92.4
89.0
11
Graphs
429

Ramos, Bryan
76
418
18.2
16
15
11
5
3
2
0
0
4
25.0
1
6.3
9
30
.333
.274
.375
.319
.467
.351
.365
.297
1
93.0
91.4
4
Graphs
430

Robinson, Chuckie
75
298
25.2
20
18
15
2
2
0
0
0
3
15.0
2
10.0
7
41
.111
.172
.200
.255
.111
.240
.157
.228
1
93.3
79.1
0
Graphs
431

Crews, Dylan
75
520
14.4
23
21
16
5
5
0
0
0
5
21.7
2
8.7
4
31
.238
.242
.304
.308
.238
.355
.252
.293
1
92.1
88.6
3
Graphs
432

Myers, Dane
74
425
17.4
17
15
11
7
4
2
0
1
5
29.4
1
5.9
6
28
.467
.302
.471
.358
.800
.545
.516
.400
3
94.1
91.3
6
Graphs
433

Cooper, Garrett
74
450
16.4
16
13
10
2
2
0
0
0
3
18.8
1
6.3
6
28
.154
.207
.313
.355
.154
.272
.243
.298
1
93.5
85.1
-1
Graphs
434

Davis, J.D.
74
587
12.6
20
15
12
4
2
1
0
1
3
15.0
2
10.0
7
31
.267
.217
.450
.413
.533
.424
.430
.379
1
93.8
86.3
6
Graphs
435

Hedges, Austin
72
547
13.2
18
16
15
3
2
1
0
0
1
5.6
2
11.1
5
40
.188
.129
.278
.226
.250
.214
.244
.207
0
92.9
86.2
16
Graphs
436

Blanco, Dairon
72
459
15.7
25
20
17
8
6
2
0
0
3
12.0
3
12.0
3
32
.400
.275
.500
.396
.500
.413
.441
.362
1
93.5
87.8
-14
Graphs
437

Fermín, José
72
324
22.2
15
15
15
3
2
0
1
0
0
0.0
0
0.0
2
37
.200
.224
.200
.224
.333
.273
.224
.216
0
93.5
90.7
3
Graphs
438

McCann, Kyle
71
636
11.2
20
16
11
4
3
1
0
0
5
25.0
4
20.0
6
26
.250
.143
.400
.315
.313
.230
.333
.266
0
93.3
94.0
16
Graphs
439

Wilson, Jacob
70
349
20.1
22
19
18
6
3
2
1
0
1
4.5
2
9.1
0
35
.316
.277
.409
.376
.526
.341
.402
.325
0
93.9
91.1
-1
Graphs
440

Wagner, Will
70
364
19.2
14
13
11
3
1
1
0
1
2
14.3
1
7.1
6
32
.231
.279
.286
.330
.538
.371
.348
.311
0
93.2
89.1
5
Graphs
441

Dingler, Dillon
70
331
21.1
19
18
12
3
3
0
0
0
6
31.6
1
5.3
6
35
.167
.206
.211
.248
.167
.233
.175
.217
0
93.4
95.6
-9
Graphs
442

Nuñez, Nasim
70
327
21.4
16
14
12
5
4
1
0
0
2
12.5
2
12.5
4
29
.357
.188
.438
.290
.429
.250
.385
.251
0
93.2
78.0
-3
Graphs
443

Sweeney, Trey
68
448
15.2
15
14
13
2
2
0
0
0
1
6.7
1
6.7
5
32
.143
.260
.200
.309
.143
.450
.164
.327
1
93.3
93.0
9
Graphs
444

Williams, Alika
68
336
20.2
27
24
22
4
2
2
0
0
2
7.4
2
7.4
1
38
.167
.249
.259
.332
.250
.383
.236
.316
2
93.1
87.0
12
Graphs
445

McGuire, Reese
68
609
11.2
17
13
13
4
3
0
0
1
0
0.0
4
23.5
2
26
.308
.379
.471
.525
.538
.594
.438
.479
1
92.5
85.5
12
Graphs
446

Canzone, Dominic
68
696
9.8
23
22
15
5
3
1
0
1
7
30.4
1
4.3
8
36
.227
.239
.261
.272
.409
.481
.289
.321
2
94.2
89.3
1
Graphs
447

Sanó, Miguel
67
402
16.7
21
17
14
4
3
1
0
0
3
14.3
2
9.5
2
30
.235
.295
.381
.429
.294
.371
.320
.366
0
93.4
97.6
2
Graphs
448

Kirilloff, Alex
67
677
9.9
15
13
10
7
3
3
1
0
3
20.0
1
6.7
6
27
.538
.287
.600
.382
.923
.570
.627
.405
2
93.4
93.2
5
Graphs
449

Noda, Ryan
66
499
13.2
19
15
11
2
2
0
0
0
4
21.1
4
21.1
5
32
.133
.266
.316
.420
.133
.458
.238
.388
1
93.1
85.4
12
Graphs
450

Edman, Tommy
66
567
11.6
18
16
12
5
2
2
0
1
4
22.2
2
11.1
4
32
.313
.295
.389
.373
.625
.481
.428
.372
1
93.7
91.9
3
Graphs
451

Schunk, Aaron
65
371
17.5
19
19
16
7
6
1
0
0
3
15.8
0
0.0
5
35
.368
.260
.368
.260
.421
.329
.344
.257
0
92.0
87.2
-4
Graphs
452

Luciano, Marco
65
325
20.0
20
20
17
4
1
3
0
0
3
15.0
0
0.0
2
34
.200
.398
.200
.398
.350
.619
.232
.434
1
92.7
93.4
2
Graphs
453

Rivas, Leo
64
371
17.3
15
12
10
3
2
0
1
0
2
13.3
3
20.0
3
30
.250
.349
.400
.479
.417
.436
.361
.411
0
92.6
87.8
8
Graphs
454

Bouchard, Sean
63
431
14.6
14
10
9
4
3
1
0
0
1
7.1
4
28.6
4
22
.400
.252
.571
.465
.500
.428
.475
.404
1
94.3
88.3
4
Graphs
455

Story, Trevor
63
373
16.9
13
11
8
3
3
0
0
0
3
23.1
1
7.7
4
25
.273
.127
.385
.261
.273
.188
.312
.223
0
93.7
85.3
30
Graphs
456

Dunn, Oliver
63
418
15.1
19
15
10
5
5
0
0
0
5
26.3
3
15.8
4
25
.333
.245
.474
.404
.333
.327
.379
.340
0
92.3
91.9
3
Graphs
457

Bae, Ji Hwan
63
313
20.1
20
18
13
4
4
0
0
0
5
25.0
2
10.0
9
34
.222
.272
.300
.344
.222
.473
.245
.354
2
94.1
94.8
4
Graphs
458

Palacios, Joshua
61
307
19.9
16
12
12
3
2
0
0
1
0
0.0
4
25.0
4
23
.250
.344
.438
.531
.500
.633
.411
.492
1
93.7
94.3
-21
Graphs
459

Nido, Tomás
60
506
11.9
16
15
14
4
1
1
0
2
1
6.3
1
6.3
5
32
.267
.309
.313
.353
.733
.711
.433
.440
3
93.4
93.3
15
Graphs
460

Clemens, Kody
59
468
12.6
16
16
15
5
3
1
0
1
1
6.3
0
0.0
5
32
.313
.353
.313
.353
.563
.561
.372
.393
1
92.3
85.5
15
Graphs
461

Schmitt, Casey
58
374
15.5
23
21
18
8
5
2
0
1
3
13.0
2
8.7
0
26
.381
.321
.435
.380
.619
.531
.450
.392
1
93.6
93.1
17
Graphs
462

Wilson, Weston
58
379
15.3
18
18
15
7
5
1
0
1
3
16.7
0
0.0
7
30
.389
.350
.389
.350
.611
.612
.428
.406
3
93.4
90.1
-1
Graphs
463

Vogelbach, Daniel
57
362
15.7
12
11
8
3
1
1
0
1
3
25.0
1
8.3
1
15
.273
.268
.333
.329
.636
.543
.406
.369
1
93.9
92.3
5
Graphs
464

Knizner, Andrew
57
360
15.8
13
12
10
2
2
0
0
0
2
15.4
0
0.0
7
30
.167
.293
.231
.348
.167
.418
.191
.338
1
92.4
91.9
3
Graphs
465

Kjerstad, Heston
57
423
13.5
20
17
15
5
5
0
0
0
2
10.0
2
10.0
4
28
.294
.294
.400
.400
.294
.358
.325
.345
0
94.3
88.4
-8
Graphs
466

Mastrobuoni, Miles
56
381
14.7
16
16
16
3
3
0
0
0
0
0.0
0
0.0
1
22
.188
.267
.188
.267
.188
.344
.165
.265
0
93.6
88.8
2
Graphs
467

Reyes, Pablo
56
252
22.2
16
15
10
3
3
0
0
0
5
31.3
0
0.0
6
30
.200
.214
.250
.263
.200
.247
.210
.234
0
92.6
94.3
-1
Graphs
468

Herrera, Jose
55
501
11.0
11
10
5
1
1
0
0
0
5
45.5
1
9.1
2
17
.100
.165
.182
.241
.100
.261
.143
.226
0
93.7
85.5
10
Graphs
469

McCray, Grant
54
519
10.4
13
12
6
3
3
0
0
0
6
46.2
1
7.7
9
25
.250
.223
.308
.282
.250
.265
.256
.248
0
94.1
95.9
5
Graphs
470

Hensley, David
54
250
21.6
15
15
12
3
2
1
0
0
3
20.0
0
0.0
1
16
.200
.189
.200
.189
.267
.230
.201
.183
0
93.3
86.4
-20
Graphs
471

Del Castillo, Adrian
54
336
16.1
19
17
14
6
5
1
0
0
3
15.8
2
10.5
4
28
.353
.276
.421
.353
.412
.375
.371
.324
1
93.0
90.6
16
Graphs
472

Kreidler, Ryan
53
263
20.2
15
12
7
1
1
0
0
0
5
33.3
3
20.0
8
26
.083
.196
.267
.357
.083
.281
.197
.302
1
92.8
90.7
12
Graphs
473

Lukes, Nathan
53
356
14.9
10
10
8
2
1
1
0
0
2
20.0
0
0.0
4
26
.200
.188
.200
.188
.300
.208
.214
.175
0
93.8
89.8
-13
Graphs
474

Manzardo, Kyle
49
636
7.7
18
17
14
7
3
3
0
1
3
16.7
1
5.6
2
22
.412
.317
.444
.355
.765
.635
.508
.417
2
93.4
87.3
9
Graphs
475

Thomas, Alek
49
372
13.2
17
17
15
3
1
0
0
2
2
11.8
0
0.0
4
26
.176
.284
.176
.284
.529
.626
.293
.379
3
93.5
95.0
-2
Graphs
476

Serven, Brian
48
258
18.6
13
11
9
2
1
1
0
0
2
15.4
2
15.4
3
24
.182
.198
.308
.322
.273
.303
.270
.289
0
93.0
88.7
18
Graphs
477

Gomes, Yan
48
375
12.8
13
12
10
2
2
0
0
0
2
15.4
1
7.7
2
25
.167
.296
.231
.350
.167
.422
.189
.336
1
94.0
79.6
5
Graphs
478

Shenton, Austin
48
212
22.6
7
5
4
1
1
0
0
0
1
14.3
2
28.6
5
18
.200
.511
.429
.651
.200
.608
.323
.543
0
93.3
85.2
15
Graphs
479

Gurriel, Yuli
47
281
16.7
14
13
12
4
4
0
0
0
1
7.1
1
7.1
0
22
.308
.311
.357
.360
.308
.396
.301
.335
0
94.4
89.1
2
Graphs
480

Amaya, Jacob
46
301
15.3
12
12
7
2
1
1
0
0
5
41.7
0
0.0
2
12
.167
.270
.167
.270
.250
.307
.178
.252
0
93.2
82.6
2
Graphs
481

Barnhart, Tucker
46
375
12.3
11
8
2
1
1
0
0
0
6
54.5
3
27.3
3
11
.125
.096
.364
.343
.125
.104
.268
.252
0
93.3
72.7
-24
Graphs
482

Dalbec, Bobby
46
413
11.1
9
8
4
2
2
0
0
0
4
44.4
0
0.0
7
20
.250
.234
.333
.319
.250
.251
.276
.269
0
93.4
73.2
-14
Graphs
483

Shewmake, Braden
45
214
21.0
14
14
13
1
1
0
0
0
1
7.1
0
0.0
6
31
.071
.192
.071
.192
.071
.214
.063
.178
0
93.0
83.1
1
Graphs
484

Bliss, Ryan
45
259
17.4
10
10
8
2
2
0
0
0
2
20.0
0
0.0
9
25
.200
.353
.200
.353
.200
.444
.176
.344
0
94.2
91.2
-8
Graphs
485

Cabbage, Trey
45
336
13.4
17
17
13
6
2
4
0
0
4
23.5
0
0.0
2
20
.353
.358
.353
.358
.588
.677
.399
.434
4
93.6
94.2
15
Graphs
486

Trejo, Alan
44
221
19.9
19
17
15
5
5
0
0
0
2
10.5
1
5.3
2
21
.294
.179
.368
.265
.294
.218
.306
.228
0
93.6
83.2
-2
Graphs
487

Dezenzo, Zach
43
245
17.6
13
13
13
5
5
0
0
0
0
0.0
0
0.0
2
24
.385
.350
.385
.350
.385
.403
.339
.326
0
91.9
80.7
2
Graphs
488

Ruiz, Esteury
43
246
17.5
8
6
3
0
0
0
0
0
3
37.5
1
12.5
7
18
.000
.124
.250
.343
.000
.176
.176
.273
0
92.8
84.6
34
Graphs
489

Millas, Drew
42
252
16.7
15
12
10
6
5
0
0
1
2
13.3
3
20.0
2
19
.500
.322
.600
.458
.750
.475
.568
.414
1
93.0
88.6
-5
Graphs
490

Jung, Jace
42
386
10.9
15
14
10
4
3
1
0
0
4
26.7
1
6.7
5
21
.286
.263
.333
.312
.357
.349
.306
.293
1
92.0
84.1
10
Graphs
491

Rosario, Eguy
41
226
18.1
10
8
7
3
1
1
0
1
1
10.0
1
10.0
6
17
.375
.272
.500
.418
.875
.640
.560
.445
1
93.5
87.2
25
Graphs
492

White, Eli
41
160
25.6
14
12
10
5
2
1
1
1
2
14.3
0
0.0
2
18
.417
.271
.500
.375
.917
.595
.578
.412
2
93.8
89.4
0
Graphs
493

Tucker, Cole
40
237
16.9
9
8
7
0
0
0
0
0
1
11.1
1
11.1
3
15
.000
.231
.111
.317
.000
.316
.077
.285
0
93.6
90.7
-10
Graphs
494

Paris, Kyren
40
234
17.1
10
10
9
1
1
0
0
0
1
10.0
0
0.0
3
18
.100
.204
.100
.204
.100
.255
.088
.195
0
92.9
83.9
0
Graphs
495

Williams, Luke
39
172
22.7
13
11
10
4
3
1
0
0
1
7.7
2
15.4
1
19
.364
.209
.462
.331
.455
.261
.406
.278
0
94.3
86.8
-1
Graphs
496

Baddoo, Akil
39
318
12.3
10
8
7
1
1
0
0
0
1
10.0
2
20.0
2
21
.125
.328
.300
.463
.125
.596
.226
.452
1
93.0
92.6
20
Graphs
497

Sogard, Nick
39
348
11.2
8
8
8
2
2
0
0
0
0
0.0
0
0.0
4
22
.250
.282
.250
.282
.250
.399
.220
.292
0
92.7
89.3
11
Graphs
498

Berroa, Steward
38
183
20.8
7
6
5
1
1
0
0
0
1
14.3
1
14.3
2
14
.167
.196
.286
.310
.167
.235
.224
.260
0
93.7
86.1
14
Graphs
499

Narváez, Omar
38
269
14.1
10
10
8
2
2
0
0
0
2
20.0
0
0.0
2
18
.200
.234
.200
.234
.200
.324
.176
.241
0
91.9
89.4
24
Graphs
500

Pinto, René
36
185
19.5
14
12
8
5
3
1
0
1
4
28.6
1
7.1
6
18
.417
.414
.500
.498
.750
.956
.526
.591
2
92.2
98.6
21
Graphs
501

Yorke, Nick
36
174
20.7
9
9
7
2
1
0
0
1
2
22.2
0
0.0
4
15
.222
.274
.222
.274
.556
.473
.326
.318
1
92.7
94.5
-1
Graphs
502

Conine, Griffin
35
334
10.5
8
8
5
4
4
0
0
0
3
37.5
0
0.0
4
17
.500
.233
.500
.233
.500
.256
.441
.215
0
93.4
88.1
-7
Graphs
503

Allen, Nick
35
356
9.8
9
8
7
1
1
0
0
0
1
11.1
1
11.1
0
16
.125
.139
.222
.235
.125
.167
.175
.197
0
93.3
86.1
-6
Graphs
504

Vilade, Ryan
35
188
18.6
12
12
11
3
3
0
0
0
1
8.3
0
0.0
1
17
.250
.285
.250
.285
.250
.323
.220
.264
0
91.9
90.2
3
Graphs
505

García, Avisaíl
34
186
18.3
10
10
9
3
3
0
0
0
1
10.0
0
0.0
3
19
.300
.217
.300
.217
.300
.237
.265
.200
0
93.3
80.8
-15
Graphs
506

Wendzel, Davis
34
170
20.0
8
8
8
3
1
2
0
0
0
0.0
0
0.0
3
15
.375
.417
.375
.417
.625
.822
.424
.526
1
92.5
86.8
8
Graphs
507

Locklear, Tyler
34
196
17.3
4
3
3
1
1
0
0
0
0
0.0
1
25.0
2
12
.333
.338
.500
.503
.333
.418
.393
.417
0
94.0
99.0
-16
Graphs
508

Crawford, Brandon
33
321
10.3
6
4
4
0
0
0
0
0
0
0.0
2
33.3
4
14
.000
.086
.333
.390
.000
.199
.230
.309
0
93.8
94.2
22
Graphs
509

Berti, Jon
33
271
12.2
11
11
10
5
5
0
0
0
1
9.1
0
0.0
3
17
.455
.384
.455
.384
.455
.417
.401
.354
0
92.7
76.6
-7
Graphs
510

Alvarez Jr., Nacho
33
119
27.7
6
6
6
2
2
0
0
0
0
0.0
0
0.0
3
16
.333
.269
.333
.269
.333
.306
.294
.252
0
93.1
83.9
4
Graphs
511

Hicks, Aaron
33
284
11.6
10
9
9
1
1
0
0
0
0
0.0
1
10.0
1
13
.111
.330
.200
.397
.111
.382
.157
.349
0
92.0
94.5
4
Graphs
512

Hurtubise, Jacob
33
281
11.7
8
8
4
3
3
0
0
0
4
50.0
0
0.0
3
17
.375
.374
.375
.374
.375
.435
.331
.356
0
91.9
89.7
9
Graphs
513

DeLoach, Zach
33
298
11.1
10
9
7
1
1
0
0
0
2
20.0
1
10.0
3
15
.111
.260
.200
.334
.111
.291
.157
.284
0
93.0
86.5
-4
Graphs
514

Pauley, Graham
32
140
22.9
3
3
1
0
0
0
0
0
2
66.7
0
0.0
5
12
.000
.225
.000
.225
.000
.258
.000
.213
0
93.1
100.8
9
Graphs
515

Baldwin, Brooks
32
426
7.5
7
7
4
2
2
0
0
0
3
42.9
0
0.0
6
16
.286
.341
.286
.341
.286
.392
.252
.319
0
92.5
77.0
10
Graphs
516

Tromp, Chadwick
32
182
17.6
11
11
9
5
2
3
0
0
2
18.2
0
0.0
1
15
.455
.441
.455
.441
.727
.590
.502
.446
1
92.2
100.4
5
Graphs
517

Ornelas, Jonathan
32
163
19.6
6
5
4
3
3
0
0
0
1
16.7
1
16.7
5
14
.600
.373
.667
.478
.600
.433
.556
.410
0
93.4
97.9
-1
Graphs
518

Dahl, David
32
266
12.0
9
9
8
3
2
1
0
0
1
11.1
0
0.0
3
20
.333
.415
.333
.415
.444
.827
.335
.517
1
95.0
92.2
11
Graphs
519

Gamel, Ben
31
381
8.1
13
12
11
3
2
1
0
0
1
7.7
1
7.7
0
15
.250
.391
.308
.438
.333
.504
.285
.408
1
93.3
98.4
9
Graphs
520

Madris, Bligh
31
275
11.3
8
7
5
1
1
0
0
0
2
25.0
1
12.5
3
12
.143
.186
.250
.288
.143
.210
.196
.236
0
93.1
82.9
8
Graphs
521

Foscue, Justin
31
187
16.6
6
6
4
1
1
0
0
0
2
33.3
0
0.0
6
18
.167
.158
.167
.158
.167
.179
.147
.146
0
93.8
91.9
-11
Graphs
522

Kavadas, Niko
31
465
6.7
6
6
3
1
1
0
0
0
3
50.0
0
0.0
3
10
.167
.164
.167
.164
.167
.190
.147
.155
0
93.0
88.8
32
Graphs
523

Bote, David
31
162
19.1
7
6
6
3
2
1
0
0
0
0.0
1
14.3
1
14
.500
.470
.571
.546
.667
.714
.530
.534
1
92.4
94.5
12
Graphs
524

Clase, Jonatan
31
267
11.6
5
5
4
0
0
0
0
0
1
20.0
0
0.0
1
13
.000
.116
.000
.116
.000
.178
.000
.127
0
92.6
83.8
15
Graphs
525

Alvarez, Armando
30
139
21.6
6
4
3
1
1
0
0
0
1
16.7
2
33.3
1
8
.250
.225
.500
.483
.250
.302
.377
.381
0
94.4
78.2
-15
Graphs
526

Blankenhorn, Travis
30
122
24.6
11
10
9
2
2
0
0
0
1
9.1
1
9.1
1
16
.200
.298
.273
.362
.200
.346
.223
.318
0
92.4
84.3
4
Graphs
527

Cook, Billy
30
184
16.3
8
8
5
4
3
0
0
1
3
37.5
0
0.0
5
15
.500
.345
.500
.345
.875
.547
.587
.381
1
92.7
93.2
2
Graphs
528

Azocar, José
30
291
10.3
9
8
7
2
2
0
0
0
1
11.1
1
11.1
2
18
.250
.183
.333
.274
.250
.247
.273
.240
0
92.0
94.2
-8
Graphs
529

Whitcomb, Shay
30
181
16.6
9
9
8
1
1
0
0
0
1
11.1
0
0.0
3
15
.111
.308
.111
.308
.111
.344
.098
.285
0
93.7
95.0
-4
Graphs
530

Florial, Estevan
29
450
6.4
5
3
2
0
0
0
0
0
1
20.0
2
40.0
0
5
.000
.017
.400
.410
.000
.024
.276
.284
0
93.9
84.2
48
Graphs
531

Mayo, Coby
29
188
15.4
7
7
6
0
0
0
0
0
1
14.3
0
0.0
3
16
.000
.214
.000
.214
.000
.254
.000
.205
0
94.8
83.3
-2
Graphs
532

Zavala, Seby
28
171
16.4
8
8
5
2
1
1
0
0
3
37.5
0
0.0
6
14
.250
.249
.250
.249
.375
.365
.267
.267
0
93.2
89.0
4
Graphs
533

Walsh, Jared
28
262
10.7
9
9
7
3
1
2
0
0
2
22.2
0
0.0
3
12
.333
.372
.333
.372
.556
.701
.377
.455
1
92.1
75.5
0
Graphs
534

Rodriguez, Johnathan
28
175
16.0
5
3
2
0
0
0
0
0
1
20.0
2
40.0
5
12
.000
.072
.400
.443
.000
.073
.276
.315
0
92.8
66.4
-56
Graphs
535

Saggese, Thomas
27
189
14.3
8
7
7
2
2
0
0
0
0
0.0
1
12.5
1
14
.286
.283
.375
.373
.286
.373
.307
.337
0
92.9
87.3
14
Graphs
536

Haase, Eric
27
270
10.0
8
7
5
2
1
0
0
1
2
25.0
1
12.5
4
14
.286
.304
.375
.391
.714
.768
.453
.473
1
93.5
95.5
0
Graphs
537

Black, Tyler
25
239
10.5
7
5
3
2
2
0
0
0
2
28.6
2
28.6
3
10
.400
.301
.571
.500
.400
.324
.449
.392
0
93.3
81.8
22
Graphs
538

Murphy, Tom
25
152
16.4
5
4
3
1
1
0
0
0
1
20.0
1
20.0
0
10
.250
.212
.400
.370
.250
.228
.314
.292
0
91.6
95.1
-8
Graphs
539

Baker, Luken
25
201
12.4
10
9
8
0
0
0
0
0
1
10.0
1
10.0
3
13
.000
.153
.100
.238
.000
.175
.069
.198
0
93.3
93.7
11
Graphs
540

Goodrum, Niko
25
140
17.9
8
7
5
0
0
0
0
0
2
25.0
1
12.5
2
11
.000
.151
.125
.257
.000
.162
.086
.207
0
93.8
85.0
-27
Graphs
541

Ford, Mike
25
229
10.9
9
8
8
3
2
0
0
1
0
0.0
1
11.1
1
16
.375
.276
.444
.357
.750
.635
.500
.414
1
91.4
86.5
-1
Graphs
542

Díaz, Aledmys
25
116
21.6
8
8
6
1
1
0
0
0
2
25.0
0
0.0
4
14
.125
.210
.125
.210
.125
.259
.110
.204
0
94.6
96.7
9
Graphs
543

León, Pedro
24
90
26.7
4
4
3
1
1
0
0
0
1
25.0
0
0.0
2
8
.250
.120
.250
.120
.250
.130
.220
.108
0
92.0
89.6
-12
Graphs
544

Remillard, Zach
23
151
15.2
10
7
7
3
2
1
0
0
0
0.0
3
30.0
0
10
.429
.297
.600
.508
.571
.320
.509
.395
0
92.8
81.2
5
Graphs
545

Wagaman, Eric
23
269
8.6
6
6
5
2
2
0
0
0
1
16.7
0
0.0
3
11
.333
.283
.333
.283
.333
.341
.294
.270
0
93.2
89.0
8
Graphs
546

López, Jack
23
274
8.4
7
7
7
0
0
0
0
0
0
0.0
0
0.0
0
12
.000
.121
.000
.121
.000
.129
.000
.111
0
93.4
87.8
-20
Graphs
547

Kennedy, Buddy
22
132
16.7
7
7
6
1
1
0
0
0
1
14.3
0
0.0
0
10
.143
.318
.143
.318
.143
.379
.126
.301
0
92.6
80.0
6
Graphs
548

Gray, Tristan
22
123
17.9
6
5
3
2
1
1
0
0
2
33.3
1
16.7
3
7
.400
.283
.500
.402
.600
.316
.471
.335
0
94.5
87.1
9
Graphs
549

Villar, David
22
136
16.2
7
5
5
2
2
0
0
0
1
14.3
1
14.3
1
9
.400
.340
.429
.508
.400
.486
.350
.560
1
92.6
89.2
3
Graphs
550

Colás, Oscar
22
144
15.3
5
5
2
2
2
0
0
0
3
60.0
0
0.0
2
13
.400
.234
.400
.234
.400
.259
.353
.216
0
93.9
105.4
3
Graphs
551

Johnson, Bryce
22
263
8.4
6
5
4
1
1
0
0
0
1
16.7
1
16.7
0
8
.200
.252
.333
.377
.200
.283
.262
.310
0
92.4
99.5
-8
Graphs
552

Vosler, Jason
21
120
17.5
7
5
4
1
0
1
0
0
1
14.3
2
28.6
1
8
.200
.280
.429
.486
.400
.459
.376
.421
1
95.9
87.0
5
Graphs
553

De Los Santos, Luis
21
121
17.4
4
3
2
1
0
1
0
0
1
25.0
1
25.0
2
9
.333
.236
.500
.427
.667
.317
.486
.348
0
93.5
101.4
1
Graphs
554

Romo, Drew
20
189
10.6
9
9
8
0
0
0
0
0
1
11.1
0
0.0
0
11
.000
.081
.000
.081
.000
.103
.000
.079
0
92.8
84.5
10
Graphs
555

Wiemer, Joey
20
109
18.3
8
7
3
0
0
0
0
0
4
50.0
1
12.5
2
6
.000
.129
.125
.238
.000
.494
.086
.308
1
95.2
87.2
50
Graphs
556

Peterson, Jace
20
102
19.6
5
5
5
0
0
0
0
0
0
0.0
0
0.0
0
8
.000
.333
.000
.333
.000
.399
.000
.318
0
92.1
87.6
-13
Graphs
557

McKinney, Billy
20
114
17.5
6
5
4
2
2
0
0
0
1
16.7
1
16.7
2
10
.400
.272
.500
.393
.400
.333
.409
.333
0
91.9
91.9
12
Graphs
558

Leblanc, Charles
20
118
16.9
5
4
3
2
2
0
0
0
1
20.0
1
20.0
3
9
.500
.366
.600
.493
.500
.461
.491
.431
0
93.5
82.8
19
Graphs
559

Moncada, Yoán
18
192
9.4
2
2
1
0
0
0
0
0
1
50.0
0
0.0
0
6
.000
.053
.000
.053
.000
.059
.000
.051
0
95.0
99.4
-36
Graphs
560

Pereda, Jhonny
17
158
10.8
3
3
3
0
0
0
0
0
0
0.0
0
0.0
2
7
.000
.133
.000
.133
.000
.140
.000
.119
0
93.9
73.8
22
Graphs
561

Marchán, Rafael
17
195
8.7
11
11
11
4
2
0
0
2
0
0.0
0
0.0
0
12
.364
.416
.364
.416
.909
.818
.533
.521
2
92.6
90.4
8
Graphs
562

Hinds, Rece
17
183
9.3
4
3
2
0
0
0
0
0
1
25.0
1
25.0
3
9
.000
.080
.250
.310
.000
.104
.172
.232
0
93.9
84.8
15
Graphs
563

Wall, Forrest
17
129
13.2
1
1
0
0
0
0
0
0
1
100.0
0
0.0
1
5
.000
--
.000
--
.000
--
.000
.000
0
92.9
--
--
Graphs
564

Adrianza, Ehire
17
118
14.4
5
5
3
1
1
0
0
0
2
40.0
0
0.0
2
8
.200
.254
.200
.254
.200
.363
.176
.264
0
94.1
95.3
9
Graphs
565

Driscoll, Logan
17
130
13.1
6
6
4
2
2
0
0
0
2
33.3
0
0.0
1
11
.333
.264
.333
.264
.333
.310
.294
.254
0
91.3
85.6
14
Graphs
566

Acuña, Luisangel
16
136
11.8
10
10
10
5
2
1
1
1
0
0.0
0
0.0
0
11
.500
.274
.500
.274
1.100
.537
.666
.339
1
94.1
90.7
0
Graphs
567

Jones, Jahmai
16
152
10.5
6
5
4
1
1
0
0
0
1
16.7
0
0.0
1
9
.200
.112
.333
.260
.200
.124
.267
.206
0
92.8
80.0
1
Graphs
568

Waters, Drew
16
94
17.0
1
1
1
1
1
0
0
0
0
0.0
0
0.0
2
8
1.000
.187
1.000
.187
1.000
.190
.882
.171
0
93.4
59.9
-41
Graphs
569

Stevenson, Cal
16
102
15.7
4
4
2
1
1
0
0
0
2
50.0
0
0.0
2
4
.250
.242
.250
.242
.250
.282
.220
.230
0
93.5
91.1
32
Graphs
570

Soto, Livan
16
66
24.2
3
2
2
0
0
0
0
0
0
0.0
1
33.3
0
7
.000
.034
.333
.356
.000
.048
.230
.253
0
87.0
75.7
15
Graphs
571

Westbrook, Jamie
16
200
8.0
5
3
5
0
0
0
0
0
0
0.0
0
0.0
1
10
.000
.403
.000
.302
.000
.449
.000
.302
0
92.8
95.0
14
Graphs
572

Barrosa, Jorge
15
62
24.2
6
6
5
1
0
1
0
0
1
16.7
0
0.0
2
9
.167
.329
.167
.329
.333
.492
.209
.354
1
94.5
91.6
0
Graphs
573

Domínguez, Jasson
15
278
5.4
4
4
3
0
0
0
0
0
1
25.0
0
0.0
2
11
.000
.135
.000
.135
.000
.225
.000
.152
0
93.4
103.2
2
Graphs
574

Sabol, Blake
15
124
12.1
6
5
5
4
4
0
0
0
0
0.0
1
16.7
1
7
.800
.458
.833
.548
.800
.520
.703
.466
0
92.7
98.8
2
Graphs
575

Dunn, Blake
14
120
11.7
4
4
2
1
0
0
0
1
2
50.0
0
0.0
1
7
.250
.276
.250
.276
1.000
1.061
.512
.545
1
95.3
99.9
30
Graphs
576

Walton, Donovan
14
96
14.6
4
4
3
1
1
0
0
0
1
25.0
0
0.0
1
7
.250
.271
.250
.271
.250
.314
.220
.251
0
93.3
82.6
12
Graphs
577

Kessinger, Grae
14
115
12.2
5
4
1
0
0
0
0
0
3
60.0
0
0.0
2
4
.000
.011
.200
.209
.000
.013
.144
.152
0
91.9
75.0
-22
Graphs
578

Mervis, Matt
14
98
14.3
4
3
2
0
0
0
0
0
1
25.0
1
25.0
2
6
.000
.020
.250
.265
.000
.023
.172
.187
0
93.5
72.5
17
Graphs
579

Lockridge, Brandon
14
46
30.4
3
3
1
0
0
0
0
0
2
66.7
0
0.0
1
4
.000
.062
.000
.062
.000
.063
.000
.056
0
93.6
101.8
-15
Graphs
580

Wendle, Joey
14
134
10.4
3
3
3
1
1
0
0
0
0
0.0
0
0.0
0
5
.333
.097
.333
.097
.333
.105
.294
.092
0
91.7
78.0
-6
Graphs
581

Canario, Alexander
13
101
12.9
4
4
2
1
1
0
0
0
2
50.0
0
0.0
5
7
.250
.087
.250
.087
.250
.093
.220
.080
0
94.0
86.8
-27
Graphs
582

Narvaez, Carlos
13
68
19.1
2
1
1
1
1
0
0
0
0
0.0
1
50.0
1
8
1.000
.500
1.000
.750
1.000
.521
.785
.570
0
92.2
106.2
0
Graphs
583

Collins, Isaac
13
87
14.9
5
5
3
2
2
0
0
0
2
40.0
0
0.0
0
5
.400
.261
.400
.261
.400
.311
.353
.248
0
90.6
91.2
6
Graphs
584

Gasper, Mickey
13
92
14.1
4
3
2
0
0
0
0
0
1
25.0
1
25.0
0
3
.000
.107
.250
.331
.000
.138
.172
.251
0
93.8
74.1
-10
Graphs
585

Brooks, Trenton
12
110
10.9
4
3
3
1
1
0
0
0
0
0.0
1
25.0
0
4
.333
.307
.500
.480
.333
.424
.393
.408
0
90.1
91.0
21
Graphs
586

Thompson, Bubba
12
77
15.6
2
2
2
1
1
0
0
0
0
0.0
0
0.0
1
5
.500
.564
.500
.564
.500
.604
.441
.514
0
93.7
81.2
1
Graphs
587

Sanoja, Javier
11
118
9.3
2
2
2
1
1
0
0
0
0
0.0
0
0.0
0
2
.500
.373
.500
.373
.500
.425
.441
.349
0
94.2
92.6
1
Graphs
588

Salazar, César
11
111
9.9
6
4
3
1
0
1
0
0
1
16.7
1
16.7
0
6
.250
.119
.500
.413
.500
.132
.444
.308
0
91.3
83.9
19
Graphs
589

Feduccia, Hunter
11
57
19.3
4
4
4
1
1
0
0
0
0
0.0
0
0.0
0
9
.250
.190
.250
.190
.250
.225
.220
.182
0
91.9
81.1
-1
Graphs
590

Miller, Owen
11
103
10.7
5
5
3
1
1
0
0
0
2
40.0
0
0.0
1
5
.200
.169
.200
.169
.200
.223
.176
.171
0
92.7
93.1
10
Graphs
591

Reetz, Jakson
10
49
20.4
2
2
2
1
0
0
0
1
0
0.0
0
0.0
2
6
.500
.561
.500
.561
2.000
1.909
1.025
1.006
1
94.3
101.4
8
Graphs
592

Heineman, Tyler
10
61
16.4
2
1
1
0
0
0
0
0
0
0.0
0
0.0
1
5
.000
.051
.500
.525
.000
.081
.360
.388
0
93.4
77.5
40
Graphs
593

Hiura, Keston
10
93
10.8
3
3
2
2
2
0
0
0
1
33.3
0
0.0
1
5
.667
.556
.667
.556
.667
.621
.588
.512
0
91.0
73.4
22
Graphs
594

Alcántara, Kevin
10
26
38.5
3
3
3
0
0
0
0
0
0
0.0
0
0.0
0
4
.000
.239
.000
.239
.000
.319
.000
.238
0
92.0
99.5
4
Graphs
595

McKenna, Ryan
10
52
19.2
1
1
0
0
0
0
0
0
1
100.0
0
0.0
1
6
.000
--
.000
--
.000
--
.000
.000
0
92.2
--
--
Graphs
596

Haggerty, Sam
9
59
15.3
1
1
1
0
0
0
0
0
0
0.0
0
0.0
1
3
.000
.135
.000
.135
.000
.144
.000
.122
0
91.9
109.9
-25
Graphs
597

Keirsey Jr., DaShawn
9
50
18.0
2
2
2
0
0
0
0
0
0
0.0
0
0.0
2
4
.000
.176
.000
.176
.000
.205
.000
.163
0
95.5
79.1
-11
Graphs
598

Delay, Jason
8
50
16.0
2
2
2
0
0
0
0
0
0
0.0
0
0.0
2
4
.000
.052
.000
.052
.000
.065
.000
.051
0
92.7
86.2
33
Graphs
599

Castillo, Diego A.
8
36
22.2
3
3
3
2
1
1
0
0
0
0.0
0
0.0
0
4
.667
.615
.667
.615
1.000
.670
.712
.567
0
93.6
85.0
7
Graphs
600

Wynns, Austin
8
75
10.7
2
1
1
1
0
1
0
0
0
0.0
0
0.0
1
6
1.000
.500
1.000
.750
2.000
.583
.987
.601
0
93.5
85.6
10
Graphs
601

Marlowe, Cade
7
34
20.6
2
1
1
1
1
0
0
0
0
0.0
1
50.0
2
4
1.000
.960
1.000
.980
1.000
1.007
.785
.777
0
97.3
71.7
22
Graphs
602

Alvarez, Eddy
7
54
13.0
1
0
0
0
0
0
0
0
0
0.0
1
100.0
0
1
--
--
1.000
1.000
--
--
.689
.689
0
89.5
--
--
Graphs
603

Gentry, Tyler
7
20
35.0
2
2
2
0
0
0
0
0
0
0.0
0
0.0
1
3
.000
.204
.000
.204
.000
.241
.000
.197
0
94.7
96.0
28
Graphs
604

Koch, Grant
7
49
14.3
--
--
0
--
--
--
--
--
--
--
--
--
0
2
--
--
--
--
--
--
--
--
0
92.4
--
--
Graphs
605

Fletcher, David
7
27
25.9
4
3
4
2
2
0
0
0
0
0.0
0
0.0
0
5
.667
.096
.500
.229
.667
.102
.441
.211
0
93.6
74.9
5
Graphs
606

Jordan, Levi
7
40
17.5
3
3
3
1
0
1
0
0
0
0.0
0
0.0
2
5
.333
.169
.333
.169
.667
.316
.418
.203
0
93.3
92.6
-5
Graphs
607

Garcia, Aramis
7
36
19.4
2
2
2
0
0
0
0
0
0
0.0
0
0.0
1
4
.000
.115
.000
.115
.000
.123
.000
.108
0
94.8
92.8
-18
Graphs
608

Campero, Gustavo
6
177
3.4
1
1
1
0
0
0
0
0
0
0.0
0
0.0
0
4
.000
.125
.000
.125
.000
.157
.000
.116
0
94.5
57.1
7
Graphs
609

Sullivan, Brett
6
49
12.2
1
1
1
0
0
0
0
0
0
0.0
0
0.0
0
3
.000
.006
.000
.006
.000
.006
.000
.005
0
94.6
78.1
69
Graphs
610

Devers, José
6
18
33.3
3
3
2
0
0
0
0
0
1
33.3
0
0.0
0
4
.000
.185
.000
.185
.000
.200
.000
.170
0
93.3
98.7
-10
Graphs
611

Hicklen, Brewer
6
29
20.7
1
1
0
0
0
0
0
0
1
100.0
0
0.0
3
5
.000
--
.000
--
.000
--
.000
.000
0
94.2
--
--
Graphs
612

Garrett, Stone
6
31
19.4
1
1
1
1
0
1
0
0
0
0.0
0
0.0
1
3
1.000
.663
1.000
.663
2.000
1.297
1.254
.817
1
91.2
107.8
17
Graphs
613

Huff, Sam
5
21
23.8
2
1
1
0
0
0
0
0
0
0.0
1
50.0
0
1
.000
.891
.500
.946
.000
.939
.345
.746
0
91.4
72.2
27
Graphs
614

Ríos, Edwin
5
40
12.5
1
0
0
0
0
0
0
0
0
0.0
1
100.0
1
2
--
--
1.000
1.000
--
--
.689
.689
0
93.6
--
--
Graphs
615

Harris, Dustin
5
23
21.7
2
2
2
1
0
1
0
0
0
0.0
0
0.0
0
3
.500
.606
.500
.606
1.000
.844
.627
.621
0
96.4
101.9
13
Graphs
616

Adams, Jordyn
5
158
3.2
--
--
0
--
--
--
--
--
--
--
--
--
2
3
--
--
--
--
--
--
--
--
0
93.1
--
--
Graphs
617

Duffy, Matt
5
31
16.1
2
2
2
0
0
0
0
0
0
0.0
0
0.0
0
3
.000
.325
.000
.325
.000
.369
.000
.307
0
95.4
100.9
-8
Graphs
618

Camargo, Jair
5
28
17.9
1
1
0
0
0
0
0
0
1
100.0
0
0.0
0
0
.000
--
.000
--
.000
--
.000
.000
0
93.4
--
--
Graphs
619

Peraza, Oswald
5
40
12.5
1
1
0
0
0
0
0
0
1
100.0
0
0.0
0
3
.000
--
.000
--
.000
--
.000
.000
0
93.7
--
--
Graphs
620

Martínez, J.P.
4
42
9.5
2
2
1
1
1
0
0
0
1
50.0
0
0.0
1
3
.500
.069
.500
.069
.500
.079
.441
.063
0
91.1
96.5
-20
Graphs
621

Capra, Vinny
4
32
12.5
--
--
0
--
--
--
--
--
--
--
--
--
0
0
--
--
--
--
--
--
--
--
0
94.4
--
--
Graphs
622

Vazquez, Luis
4
51
7.8
2
2
2
0
0
0
0
0
0
0.0
0
0.0
0
2
.000
.133
.000
.133
.000
.150
.000
.130
0
92.6
77.6
-34
Graphs
623

Ortega, Rafael
4
68
5.9
2
1
2
0
0
0
0
0
0
0.0
0
0.0
0
2
.000
.569
.000
.433
.000
.639
.000
.547
0
91.8
99.5
17
Graphs
624

Ellis, Duke
4
23
17.4
1
1
1
0
0
0
0
0
0
0.0
0
0.0
0
2
.000
.146
.000
.146
.000
.172
.000
.144
0
92.3
104.9
-26
Graphs
625

Straw, Myles
4
14
28.6
1
1
1
1
1
0
0
0
0
0.0
0
0.0
0
1
1.000
.489
1.000
.489
1.000
.576
.882
.440
0
93.4
90.5
19
Graphs
626

Batten, Matthew
4
11
36.4
1
1
1
1
0
0
1
0
0
0.0
0
0.0
0
1
1.000
.471
1.000
.471
3.000
.800
1.590
.541
0
96.0
98.8
17
Graphs
627

Peguero, Liover
4
46
8.7
1
1
1
0
0
0
0
0
0
0.0
0
0.0
0
2
.000
.897
.000
.897
.000
.971
.000
.823
0
94.0
76.3
23
Graphs
628

Amador, Adael
3
119
2.5
--
--
0
--
--
--
--
--
--
--
--
--
0
0
--
--
--
--
--
--
--
--
0
93.3
--
--
Graphs
629

Misner, Kameron
3
65
4.6
1
1
1
0
0
0
0
0
0
0.0
0
0.0
0
2
.000
.006
.000
.006
.000
.011
.000
.006
0
96.6
92.4
51
Graphs
630

Taylor, Samad
3
14
21.4
1
1
1
0
0
0
0
0
0
0.0
0
0.0
1
2
.000
.023
.000
.023
.000
.023
.000
.021
0
98.3
82.7
57
Graphs
631

Kemp, Tony
3
37
8.1
--
--
0
--
--
--
--
--
--
--
--
--
0
1
--
--
--
--
--
--
--
--
0
95.4
--
--
Graphs
632

Capel, Conner
2
25
8.0
1
1
0
0
0
0
0
0
1
100.0
0
0.0
1
1
.000
--
.000
--
.000
--
.000
.000
0
81.5
--
--
Graphs
633

Martinez, Orelvis
2
11
18.2
1
1
1
0
0
0
0
0
0
0.0
0
0.0
0
1
.000
.074
.000
.074
.000
.081
.000
.068
0
92.9
64.2
-11
Graphs
634

Fabian, Sandro
2
21
9.5
1
1
1
0
0
0
0
0
0
0.0
0
0.0
0
1
.000
.206
.000
.206
.000
.227
.000
.193
0
93.2
99.4
-13
Graphs
635

Alexander, CJ
2
28
7.1
--
--
0
--
--
--
--
--
--
--
--
--
0
1
--
--
--
--
--
--
--
--
0
93.0
--
--
Graphs
636

Baker, Darren
1
39
2.6
--
--
0
--
--
--
--
--
--
--
--
--
0
0
--
--
--
--
--
--
--
--
0
90.4
--
--
Graphs
637

Jones, Greg
1
29
3.4
--
--
0
--
--
--
--
--
--
--
--
--
1
1
--
--
--
--
--
--
--
--
0
92.9
--
--
Graphs
638

Teodosio, Bryce
1
43
2.3
--
--
0
--
--
--
--
--
--
--
--
--
0
1
--
--
--
--
--
--
--
--
0
94.7
--
--
Graphs
