1

Olson, Matt
1143
2947
38.8
251
214
152
54
30
14
0
10
65
25.9
30
12.0
146
590
.252
.262
.351
.362
.458
.502
.351
.372
24
94.6
92.7
18
Graphs
2

McMahon, Ryan
1116
2723
41.0
218
186
112
45
31
7
0
7
75
34.4
29
13.3
130
499
.242
.235
.346
.340
.392
.401
.328
.328
11
94.2
93.8
15
Graphs
3

Cronenworth, Jake
1103
2752
40.1
222
184
153
39
27
8
1
3
31
14.0
32
14.4
60
475
.212
.253
.347
.382
.315
.408
.306
.352
9
94.5
89.9
17
Graphs
4

Santander, Anthony
1067
2738
39.0
227
208
161
41
20
7
0
14
50
22.0
15
6.6
111
513
.197
.199
.251
.256
.433
.385
.291
.279
15
94.2
88.7
28
Graphs
5

Duran, Jarren
1043
2844
36.7
220
190
138
54
24
18
4
8
54
24.5
27
12.3
115
481
.284
.261
.373
.354
.547
.493
.390
.364
18
94.3
91.4
22
Graphs
6

Nimmo, Brandon
1004
2747
36.5
235
186
134
47
30
5
2
10
53
22.6
44
18.7
79
433
.253
.262
.404
.412
.462
.441
.381
.378
13
94.6
94.4
17
Graphs
7

Lindor, Francisco
991
2713
36.5
222
200
155
51
27
11
0
13
46
20.7
19
8.6
108
464
.255
.291
.324
.356
.505
.609
.355
.404
28
94.4
94.1
23
Graphs
8

Happ, Ian
972
2721
35.7
214
179
135
49
25
17
0
7
44
20.6
34
15.9
103
456
.274
.268
.393
.388
.486
.550
.383
.400
18
94.4
93.2
23
Graphs
9

Carroll, Corbin
970
2648
36.6
248
204
160
40
25
6
4
5
46
18.5
40
16.1
72
390
.196
.243
.331
.373
.338
.420
.303
.353
13
94.5
90.5
23
Graphs
10

Henderson, Gunnar
944
2896
32.6
212
183
125
45
24
10
1
10
58
27.4
29
13.7
86
397
.246
.274
.349
.374
.475
.502
.357
.378
17
94.3
94.2
12
Graphs
11

Profar, Jurickson
939
2739
34.3
217
177
144
45
31
1
0
13
33
15.2
35
16.1
65
430
.254
.259
.392
.396
.480
.460
.382
.376
14
94.2
90.9
15
Graphs
12

Lowe, Nathaniel
928
2356
39.4
217
169
122
49
35
6
1
7
48
22.1
44
20.3
80
394
.290
.275
.442
.433
.462
.435
.400
.389
12
94.3
89.5
14
Graphs
13

Chapman, Matt
908
2706
33.6
207
185
130
48
23
12
1
12
56
27.1
20
9.7
112
430
.259
.255
.333
.329
.530
.526
.367
.363
26
94.2
95.8
26
Graphs
14

Turner, Justin
906
2320
39.1
176
142
99
31
19
8
0
4
45
25.6
29
16.5
79
398
.218
.220
.358
.361
.359
.399
.325
.340
9
94.4
90.1
25
Graphs
15

Donovan, Brendan
906
2487
36.4
238
215
184
54
40
11
1
2
33
13.9
17
7.1
42
418
.251
.267
.315
.331
.340
.422
.291
.328
10
94.2
88.4
20
Graphs
16

Devers, Rafael
901
2375
37.9
157
134
69
33
10
11
1
11
66
42.0
21
13.4
171
437
.246
.223
.350
.331
.590
.494
.395
.352
14
94.5
97.9
18
Graphs
17

De La Cruz, Elly
898
2751
32.6
223
196
128
55
28
12
6
9
68
30.5
27
12.1
105
383
.281
.257
.368
.348
.541
.503
.387
.365
22
94.2
93.5
14
Graphs
18

Arraez, Luis
898
2416
37.2
237
229
226
81
67
12
1
1
3
1.3
8
3.4
18
458
.354
.331
.376
.354
.428
.422
.351
.337
3
93.9
87.1
17
Graphs
19

García, Adolis
891
2534
35.2
195
174
111
32
20
7
0
5
67
34.4
14
7.2
157
448
.184
.209
.251
.281
.310
.391
.249
.297
16
94.3
95.0
25
Graphs
20

Castro, Willi
890
2509
35.5
206
176
129
41
24
11
0
6
49
23.8
21
10.2
108
456
.233
.257
.335
.360
.398
.457
.324
.358
12
94.4
88.9
20
Graphs
21

Schwarber, Kyle
887
2852
31.1
224
174
123
43
22
6
0
15
54
24.1
44
19.6
95
380
.247
.282
.402
.430
.540
.637
.402
.444
26
94.1
96.6
22
Graphs
22

Turang, Brice
875
2470
35.4
176
152
115
46
35
9
0
2
39
22.2
21
11.9
66
456
.303
.238
.386
.333
.401
.338
.349
.302
2
94.2
90.3
12
Graphs
23

Rutschman, Adley
870
2593
33.6
205
182
156
48
33
6
0
9
27
13.2
21
10.2
56
408
.264
.262
.341
.340
.445
.455
.343
.345
14
94.5
90.3
26
Graphs
24

Adames, Willy
866
2733
31.7
228
203
141
46
30
8
0
8
62
27.2
25
11.0
131
448
.227
.226
.311
.311
.384
.448
.308
.328
17
94.6
92.5
27
Graphs
25

Steer, Spencer
860
2621
32.8
190
161
114
34
17
10
2
5
47
24.7
25
13.2
74
357
.211
.215
.332
.334
.391
.367
.321
.314
8
94.2
89.4
27
Graphs
26

Suárez, Eugenio
860
2542
33.8
225
191
141
50
29
9
2
10
56
24.9
25
11.1
106
406
.262
.256
.347
.349
.487
.501
.355
.364
20
94.3
91.3
23
Graphs
27

Busch, Michael
859
2365
36.3
202
168
117
35
16
10
0
9
53
26.2
32
15.8
95
404
.208
.226
.332
.349
.429
.492
.332
.362
19
94.4
92.8
22
Graphs
28

Goldschmidt, Paul
858
2719
31.6
213
194
137
48
27
9
0
12
58
27.2
15
7.0
117
453
.247
.265
.300
.318
.479
.508
.333
.352
17
94.4
93.2
19
Graphs
29

Torres, Gleyber
856
2821
30.3
199
166
126
38
25
7
0
6
42
21.1
28
14.1
105
446
.229
.229
.347
.352
.380
.429
.325
.349
14
94.4
93.2
18
Graphs
30

Schanuel, Nolan
851
2356
36.1
216
177
150
38
25
9
0
4
31
14.4
34
15.7
31
356
.215
.241
.335
.359
.333
.353
.302
.322
5
94.2
87.8
14
Graphs
31

Winn, Masyn
846
2558
33.1
219
190
165
47
31
8
3
5
26
11.9
27
12.3
62
413
.247
.255
.342
.351
.400
.377
.327
.325
6
94.1
88.2
18
Graphs
32

India, Jonathan
831
2652
31.3
192
156
117
40
28
8
0
4
42
21.9
30
15.6
60
322
.256
.265
.380
.391
.385
.461
.342
.374
13
93.8
90.0
20
Graphs
33

Stott, Bryson
826
2307
35.8
181
150
126
28
18
3
1
6
30
16.6
25
13.8
55
359
.187
.214
.293
.321
.340
.340
.280
.297
5
94.4
88.2
24
Graphs
34

Garcia, Maikel
823
2360
34.9
196
174
134
38
30
3
2
3
42
21.4
20
10.2
60
359
.218
.277
.296
.350
.310
.411
.272
.335
7
94.1
94.0
9
Graphs
35

Ohtani, Shohei
822
2838
29.0
199
166
123
49
20
15
0
14
44
22.1
28
14.1
108
392
.295
.329
.398
.429
.639
.722
.434
.478
34
94.9
97.3
21
Graphs
36

Ozuna, Marcell
822
2875
28.6
189
166
120
58
40
7
0
11
46
24.3
21
11.1
100
391
.349
.298
.426
.380
.590
.602
.435
.414
19
94.5
93.6
18
Graphs
37

Volpe, Anthony
821
2797
29.4
183
164
111
44
31
6
2
5
53
29.0
18
9.8
109
418
.268
.254
.341
.328
.421
.384
.333
.313
9
94.0
92.6
12
Graphs
38

Tovar, Ezequiel
820
2528
32.4
203
193
123
42
27
10
0
5
72
35.5
6
3.0
181
505
.218
.209
.243
.236
.347
.345
.255
.252
10
94.3
89.9
23
Graphs
39

Alonso, Pete
817
2780
29.4
187
158
118
41
16
8
0
17
41
21.9
26
13.9
76
372
.259
.232
.369
.346
.633
.551
.419
.378
20
94.4
90.6
29
Graphs
40

Vierling, Matt
816
2312
35.3
165
143
106
39
26
7
1
5
38
23.0
21
12.7
61
356
.273
.270
.364
.361
.441
.430
.352
.347
10
94.2
93.1
19
Graphs
41

Ward, Taylor
809
2599
31.1
210
183
143
49
26
8
2
13
41
19.5
23
11.0
71
372
.268
.291
.357
.378
.546
.649
.385
.429
29
94.1
93.3
24
Graphs
42

Díaz, Yandy
799
2460
32.5
172
145
113
40
28
8
0
4
34
19.8
24
14.0
58
349
.276
.278
.378
.380
.414
.432
.350
.357
9
94.5
96.7
11
Graphs
43

Raleigh, Cal
797
2514
31.7
208
175
118
36
21
5
0
10
58
27.9
31
14.9
111
425
.206
.221
.327
.341
.406
.491
.324
.358
19
94.4
94.1
30
Graphs
44

Alvarez, Yordan
796
2264
35.2
193
167
140
51
32
10
1
8
27
14.0
23
11.9
57
387
.305
.302
.399
.396
.521
.543
.398
.402
17
94.4
94.0
18
Graphs
45

Smith, Josh
794
2327
34.1
191
165
124
39
21
10
1
7
41
21.5
21
11.0
72
363
.236
.218
.340
.324
.436
.375
.341
.311
7
94.0
88.5
26
Graphs
46

Kwan, Steven
792
2165
36.6
185
156
146
53
38
6
2
7
10
5.4
28
15.1
14
313
.340
.306
.443
.415
.538
.411
.425
.369
2
93.9
88.3
22
Graphs
47

Arozarena, Randy
792
2774
28.6
194
161
93
28
11
9
0
8
69
35.6
26
13.4
96
331
.174
.203
.309
.336
.379
.424
.307
.337
14
94.6
93.8
20
Graphs
48

Bregman, Alex
789
2393
33.0
232
206
185
51
33
9
1
8
24
10.3
23
9.9
30
362
.248
.264
.319
.336
.417
.453
.320
.342
13
94.2
90.8
23
Graphs
49

Paredes, Isaac
789
2853
27.7
188
157
134
34
21
7
0
6
25
13.3
22
11.7
46
362
.217
.227
.335
.345
.376
.385
.318
.325
9
94.6
86.0
30
Graphs
50

Guerrero Jr., Vladimir
789
2602
30.3
179
157
131
52
38
6
1
7
27
15.1
19
10.6
72
364
.331
.322
.408
.403
.516
.576
.399
.420
20
94.7
94.0
12
Graphs
51

Suzuki, Seiya
784
2509
31.2
164
136
95
36
20
7
1
8
41
25.0
27
16.5
71
324
.265
.255
.390
.382
.507
.566
.389
.402
22
94.8
95.0
22
Graphs
52

Contreras, William
778
2677
29.1
180
154
124
40
23
9
1
7
32
17.8
23
12.8
95
382
.260
.269
.356
.365
.468
.510
.356
.375
12
94.7
94.7
11
Graphs
53

Freeman, Freddie
777
2522
30.8
213
187
158
55
33
9
1
12
33
15.5
21
9.9
72
432
.294
.289
.362
.363
.545
.563
.384
.396
21
94.6
92.0
20
Graphs
54

Smith, Will
776
2271
34.2
168
140
103
33
21
5
0
7
40
23.8
22
13.1
79
349
.236
.227
.345
.344
.421
.486
.336
.360
14
94.8
93.9
22
Graphs
55

Yastrzemski, Mike
775
1955
39.6
174
155
103
28
13
4
2
9
52
29.9
18
10.3
85
319
.181
.188
.270
.276
.406
.433
.294
.305
16
94.2
91.5
27
Graphs
56

Semien, Marcus
772
2626
29.4
236
210
188
52
32
9
2
9
22
9.3
25
10.6
56
411
.248
.291
.331
.369
.438
.501
.335
.375
17
94.1
91.6
20
Graphs
57

Judge, Aaron
771
2885
26.7
194
159
115
59
30
12
0
17
45
23.2
29
14.9
85
370
.371
.342
.479
.457
.767
.788
.515
.509
34
94.8
99.2
22
Graphs
58

Arenado, Nolan
765
2452
31.2
188
178
148
48
35
8
0
5
30
16.0
9
4.8
56
379
.270
.248
.309
.288
.399
.354
.309
.282
5
94.5
87.7
25
Graphs
59

Walker, Christian
765
2315
33.0
151
126
81
29
13
7
0
9
47
31.1
21
13.9
104
362
.230
.245
.344
.364
.500
.494
.362
.376
14
94.6
92.9
25
Graphs
60

Verdugo, Alex
759
2342
32.4
189
153
127
31
20
7
0
4
31
16.4
30
15.9
47
322
.203
.237
.328
.363
.327
.382
.296
.334
10
94.2
88.9
17
Graphs
61

Harper, Bryce
759
2469
30.7
157
130
91
36
20
10
0
6
39
24.8
26
16.6
91
373
.277
.266
.401
.392
.492
.454
.389
.371
10
94.7
93.7
21
Graphs
62

Witt Jr., Bobby
753
2600
29.0
177
159
131
49
21
10
5
13
31
17.5
13
7.3
85
428
.308
.317
.362
.373
.679
.736
.430
.458
30
94.5
95.7
21
Graphs
63

Rooker, Brent
750
2378
31.5
197
171
117
49
27
8
1
13
56
28.4
22
11.2
113
396
.287
.296
.371
.379
.573
.655
.399
.429
23
94.5
93.4
26
Graphs
64

Giménez, Andrés
749
2400
31.2
202
184
160
51
38
8
1
4
25
12.4
15
7.4
70
432
.277
.285
.337
.348
.397
.420
.322
.340
7
94.1
88.2
17
Graphs
65

Blackmon, Charlie
747
1920
38.9
175
155
127
38
17
12
4
5
29
16.6
17
9.7
54
342
.245
.233
.326
.315
.471
.392
.342
.310
9
94.2
86.4
27
Graphs
66

Chisholm Jr., Jazz
745
2495
29.9
190
169
126
42
25
8
2
7
44
23.2
20
10.5
95
373
.249
.233
.326
.317
.444
.448
.334
.335
17
94.3
92.5
21
Graphs
67

Bleday, JJ
741
2483
29.8
210
182
157
51
26
19
0
6
25
11.9
28
13.3
52
356
.280
.264
.376
.362
.484
.453
.373
.356
15
94.3
90.6
27
Graphs
68

Hernández, Teoscar
738
2608
28.3
162
144
91
36
23
5
0
8
53
32.7
17
10.5
123
384
.250
.242
.333
.326
.451
.490
.342
.350
16
94.7
94.1
12
Graphs
69

Machado, Manny
734
2387
30.7
168
152
113
41
23
12
0
6
39
23.2
16
9.5
93
377
.270
.280
.339
.349
.467
.530
.349
.374
18
94.4
96.3
17
Graphs
70

Cowser, Colton
730
2311
31.6
177
151
105
39
21
7
0
11
47
26.6
23
13.0
63
340
.258
.275
.362
.380
.523
.584
.379
.410
19
94.3
95.1
19
Graphs
71

Santana, Carlos
728
2423
30.0
205
174
148
42
24
8
0
10
27
13.2
27
13.2
65
341
.241
.262
.351
.369
.460
.474
.353
.365
11
94.3
90.4
24
Graphs
72

Bell, Josh
726
2238
32.4
201
180
147
45
31
6
1
7
33
16.4
17
8.5
69
365
.250
.257
.322
.329
.411
.438
.321
.332
8
94.1
92.1
11
Graphs
73

Ramírez, José
725
2735
26.5
189
171
157
53
28
11
0
14
17
9.0
15
7.9
38
356
.310
.274
.360
.330
.620
.492
.410
.350
14
94.3
91.0
26
Graphs
74

France, Ty
722
2028
35.6
179
158
121
41
28
10
0
3
39
21.8
16
8.9
77
360
.259
.234
.335
.316
.380
.363
.316
.302
7
94.1
90.2
17
Graphs
75

Abreu, Wilyer
721
1806
39.9
155
133
79
29
12
13
0
4
56
36.1
20
12.9
118
332
.218
.166
.316
.275
.406
.342
.315
.276
8
94.5
92.0
24
Graphs
76

Sánchez, Jesús
718
1991
36.1
176
153
104
40
26
7
1
6
49
27.8
21
11.9
108
370
.261
.259
.358
.356
.438
.452
.349
.353
11
94.4
94.0
11
Graphs
77

Reynolds, Bryan
717
2604
27.5
196
171
143
54
37
7
0
10
30
15.3
21
10.7
64
364
.316
.312
.393
.394
.532
.600
.397
.423
20
94.2
93.5
14
Graphs
78

Mullins, Cedric
716
1938
36.9
179
152
120
32
22
4
1
5
32
17.9
22
12.3
62
362
.211
.217
.322
.327
.349
.363
.303
.309
6
94.2
88.4
28
Graphs
79

Conforto, Michael
715
1965
36.4
182
159
115
42
24
10
2
6
45
24.7
20
11.0
66
320
.264
.256
.352
.344
.465
.498
.354
.361
13
94.2
89.7
20
Graphs
80

Greene, Riley
711
2415
29.4
159
135
100
40
22
6
2
10
35
22.0
23
14.5
63
323
.296
.304
.399
.405
.593
.624
.421
.433
18
94.0
93.1
15
Graphs
81

Betts, Mookie
708
2047
34.6
163
133
122
37
27
5
3
2
12
7.4
28
17.2
18
277
.278
.282
.405
.411
.406
.442
.362
.379
6
94.5
90.5
24
Graphs
82

Burleson, Alec
708
2117
33.4
203
187
163
38
26
7
0
5
26
12.8
13
6.4
87
424
.203
.232
.252
.281
.321
.393
.252
.293
10
94.4
90.7
20
Graphs
83

Hoerner, Nico
708
2314
30.6
197
171
154
44
35
7
0
2
18
9.1
20
10.2
30
364
.257
.284
.350
.376
.333
.366
.310
.334
0
94.2
87.6
11
Graphs
84

Marsh, Brandon
706
2007
35.2
166
141
90
37
23
7
1
6
53
31.9
22
13.3
78
307
.262
.233
.361
.342
.454
.456
.354
.350
10
94.6
94.1
20
Graphs
85

Varsho, Daulton
705
2048
34.4
171
138
88
28
13
6
2
7
51
29.8
30
17.5
97
321
.203
.179
.351
.332
.428
.338
.343
.305
7
94.3
87.9
29
Graphs
86

Gurriel Jr., Lourdes
703
2083
33.7
189
167
137
48
34
8
1
5
31
16.4
17
9.0
52
368
.287
.248
.365
.330
.437
.389
.352
.318
7
94.5
89.6
19
Graphs
87

Soto, Juan
702
2960
23.7
190
150
125
48
20
10
1
17
25
13.2
38
20.0
55
306
.320
.375
.463
.506
.740
.948
.496
.578
38
94.4
97.5
21
Graphs
88

Winker, Jesse
702
2063
34.0
174
151
115
38
26
8
0
4
37
21.3
19
10.9
67
330
.252
.246
.345
.340
.384
.371
.324
.318
7
94.8
88.2
19
Graphs
89

Frelick, Sal
697
2046
34.1
185
168
149
47
37
10
0
0
20
10.8
13
7.0
36
319
.280
.260
.337
.319
.339
.333
.302
.290
2
94.4
85.3
14
Graphs
90

Merrill, Jackson
697
2214
31.5
174
164
134
46
25
11
0
10
30
17.2
10
5.7
83
401
.280
.304
.322
.344
.530
.620
.363
.404
20
94.4
92.9
19
Graphs
91

Marte, Ketel
691
2146
32.2
189
158
135
56
33
8
1
14
26
13.8
28
14.8
43
339
.354
.335
.444
.434
.684
.673
.469
.465
22
94.4
94.8
13
Graphs
92

Taveras, Leody
688
2008
34.3
196
179
137
41
30
8
1
2
44
22.4
15
7.7
66
337
.229
.242
.286
.302
.318
.382
.268
.299
8
94.2
92.4
16
Graphs
93

Pasquantino, Vinnie
688
2133
32.3
189
171
154
45
30
12
0
3
22
11.6
13
6.9
31
331
.263
.262
.307
.312
.386
.431
.300
.321
9
94.3
91.6
19
Graphs
94

Vaughn, Andrew
687
2337
29.4
168
152
124
41
27
7
0
7
30
17.9
12
7.1
54
371
.270
.277
.327
.335
.454
.563
.337
.379
17
94.0
93.0
20
Graphs
95

Heim, Jonah
687
1781
38.6
187
171
135
39
28
8
1
2
36
19.3
16
8.6
74
382
.228
.245
.294
.309
.322
.374
.275
.301
7
94.4
90.0
20
Graphs
96

De La Cruz, Bryan
685
2394
28.6
188
175
116
41
22
8
0
11
60
31.9
9
4.8
118
402
.234
.256
.278
.299
.469
.521
.319
.347
19
94.3
93.3
21
Graphs
97

Schneider, Davis
681
1974
34.5
161
135
80
17
8
4
0
5
57
35.4
23
14.3
101
312
.126
.179
.255
.304
.267
.389
.242
.309
15
94.2
92.4
33
Graphs
98

Arcia, Orlando
680
2332
29.2
176
156
117
37
20
11
0
6
41
23.3
17
9.7
97
373
.237
.206
.313
.287
.423
.376
.319
.289
11
94.4
91.2
24
Graphs
99

Melendez, MJ
679
1845
36.8
151
134
86
28
17
4
0
7
48
31.8
16
10.6
120
369
.209
.228
.293
.311
.396
.464
.303
.333
11
94.5
94.5
16
Graphs
100

Rodríguez, Julio
679
2385
28.5
166
154
112
50
38
7
0
5
43
25.9
10
6.0
94
363
.325
.318
.367
.364
.468
.540
.362
.389
16
94.4
93.6
12
Graphs
101

Benintendi, Andrew
679
1995
34.0
170
148
115
34
17
11
0
6
34
20.0
21
12.4
72
326
.230
.236
.324
.329
.426
.441
.327
.334
12
93.9
91.8
24
Graphs
102

Morel, Christopher
678
2352
28.8
158
129
75
22
11
2
1
8
55
34.8
26
16.5
127
327
.171
.199
.316
.345
.388
.439
.314
.350
13
94.7
95.1
28
Graphs
103

Ramos, Heliot
675
2011
33.6
157
136
89
37
19
9
1
8
48
30.6
20
12.7
104
342
.272
.280
.363
.371
.529
.650
.381
.424
23
94.4
96.5
20
Graphs
104

Ortiz, Joey
674
2124
31.7
165
139
100
31
14
10
3
4
39
23.6
26
15.8
53
294
.223
.239
.345
.359
.424
.386
.338
.332
6
94.1
90.2
21
Graphs
105

Crawford, J.P.
672
1911
35.2
155
125
90
29
19
4
1
5
35
22.6
28
18.1
58
277
.232
.266
.381
.410
.400
.450
.351
.380
10
94.1
91.0
16
Graphs
106

Langeliers, Shea
672
1993
33.7
170
151
99
28
17
3
1
7
54
31.8
16
9.4
72
326
.185
.217
.265
.296
.358
.410
.273
.309
13
94.1
95.1
26
Graphs
107

Langford, Wyatt
667
2256
29.6
150
134
96
31
22
3
2
4
38
25.3
15
10.0
66
310
.231
.267
.313
.345
.373
.464
.304
.350
10
94.6
94.4
17
Graphs
108

Butler, Lawrence
666
1815
36.7
146
126
90
31
16
7
1
7
37
25.3
19
13.0
86
338
.246
.262
.342
.360
.484
.464
.356
.358
8
94.3
92.3
16
Graphs
109

Bohm, Alec
665
2122
31.3
177
160
131
48
31
12
0
5
29
16.4
16
9.0
55
339
.300
.285
.367
.353
.469
.488
.364
.362
11
94.4
91.4
15
Graphs
110

Bellinger, Cody
662
2083
31.8
189
173
149
44
25
11
1
7
25
13.2
15
7.9
74
354
.254
.249
.312
.307
.451
.431
.329
.319
11
94.8
89.9
25
Graphs
111

Doyle, Brenton
660
2158
30.6
196
178
124
39
25
6
3
5
56
28.6
15
7.7
100
361
.219
.236
.281
.297
.371
.421
.284
.310
13
94.1
93.0
21
Graphs
112

Martinez, J.D.
651
2052
31.7
138
115
73
26
10
9
1
6
42
30.4
19
13.8
59
302
.226
.256
.346
.371
.478
.536
.357
.387
15
94.4
95.1
18
Graphs
113

Kim, Ha-Seong
649
1982
32.7
150
121
93
27
19
4
0
4
30
20.0
27
18.0
56
267
.223
.266
.360
.402
.355
.409
.324
.368
9
94.3
92.3
19
Graphs
114

Swanson, Dansby
643
2355
27.3
174
151
117
36
22
7
1
6
35
20.1
22
12.6
81
342
.238
.278
.333
.368
.417
.515
.329
.378
15
94.5
94.5
17
Graphs
115

Perkins, Blake
640
1734
36.9
152
130
105
30
25
2
0
3
29
19.1
18
11.8
65
275
.231
.249
.316
.335
.315
.366
.284
.314
4
94.0
88.6
18
Graphs
116

Hoskins, Rhys
637
2243
28.4
150
125
79
28
15
4
0
9
47
31.3
21
14.0
77
289
.224
.183
.342
.309
.472
.407
.353
.316
11
94.5
90.7
28
Graphs
117

Riley, Austin
637
1822
35.0
152
134
96
23
12
4
0
7
39
25.7
14
9.2
73
305
.172
.246
.263
.330
.358
.535
.275
.367
20
94.4
95.2
25
Graphs
118

Altuve, Jose
631
2454
25.7
180
166
137
48
31
7
0
10
29
16.1
14
7.8
45
316
.289
.272
.344
.328
.512
.498
.368
.353
16
94.1
92.0
18
Graphs
119

Pérez, Wenceel
630
1754
35.9
153
136
108
34
22
5
4
3
29
19.0
16
10.5
57
308
.250
.239
.327
.318
.412
.374
.322
.307
7
94.2
88.0
20
Graphs
120

Adell, Jo
629
1840
34.2
156
137
88
24
16
3
0
5
51
32.7
15
9.6
99
329
.175
.209
.263
.296
.307
.360
.256
.291
10
94.2
90.5
20
Graphs
121

Rafaela, Ceddanne
629
2070
30.4
147
137
83
31
15
8
2
6
55
37.4
7
4.8
144
386
.226
.195
.272
.244
.445
.414
.306
.281
15
94.3
91.7
26
Graphs
122

Castellanos, Nick
625
2344
26.7
165
148
118
40
26
9
2
3
31
18.8
12
7.3
83
357
.270
.303
.339
.369
.419
.488
.331
.370
9
94.4
92.2
17
Graphs
123

Wade Jr., LaMonte
625
1639
38.1
135
103
79
25
17
5
0
3
26
19.3
29
21.5
54
251
.243
.296
.407
.450
.379
.523
.356
.421
7
94.6
91.9
16
Graphs
124

Rojas, Josh
622
1901
32.7
155
132
93
28
15
7
1
5
40
25.8
20
12.9
69
301
.212
.216
.318
.323
.394
.400
.314
.319
9
94.5
91.2
22
Graphs
125

Sheets, Gavin
620
2087
29.7
156
138
117
31
19
7
1
4
22
14.1
17
10.9
49
307
.225
.271
.308
.351
.377
.422
.302
.340
7
94.0
90.4
20
Graphs
126

Diaz, Yainer
616
2128
28.9
131
118
85
35
27
1
2
5
34
26.0
11
8.4
100
370
.297
.286
.359
.350
.466
.462
.357
.351
7
94.3
94.8
11
Graphs
127

Naylor, Josh
615
2284
26.9
201
179
159
51
26
12
0
13
22
10.9
17
8.5
32
309
.285
.295
.353
.366
.570
.505
.391
.374
13
94.2
93.3
15
Graphs
128

Harris II, Michael
615
1685
36.5
148
137
114
37
23
8
2
4
24
16.2
8
5.4
53
329
.270
.315
.318
.363
.445
.516
.329
.379
13
94.3
91.2
15
Graphs
129

Gorman, Nolan
613
1596
38.4
127
111
60
18
9
4
0
5
52
40.9
14
11.0
104
296
.162
.172
.260
.271
.333
.379
.264
.287
11
94.5
90.6
27
Graphs
130

Pages, Andy
611
1719
35.5
145
125
83
31
18
10
0
3
44
30.3
14
9.7
77
311
.248
.217
.333
.310
.400
.409
.322
.316
12
94.8
90.0
30
Graphs
131

Bailey, Patrick
610
1787
34.1
156
141
100
34
22
7
0
5
43
27.6
13
8.3
55
302
.241
.249
.301
.310
.397
.430
.304
.320
9
94.4
94.2
16
Graphs
132

Lux, Gavin
609
1939
31.4
150
133
105
38
27
7
0
4
28
18.7
16
10.7
49
281
.286
.294
.367
.374
.429
.444
.350
.358
8
94.8
90.5
16
Graphs
133

Canha, Mark
609
1946
31.3
141
113
85
26
18
7
0
1
31
22.0
23
16.3
67
289
.230
.191
.362
.336
.319
.287
.312
.294
2
94.3
90.5
19
Graphs
134

Toglia, Michael
609
1920
31.7
162
140
92
33
15
5
2
11
48
29.6
22
13.6
64
289
.236
.258
.340
.359
.536
.601
.373
.403
21
94.4
91.6
21
Graphs
135

DeJong, Paul
608
1851
32.8
150
133
77
27
15
3
0
9
58
38.7
13
8.7
142
357
.203
.182
.280
.263
.429
.410
.306
.291
11
94.0
90.8
27
Graphs
136

Abrams, CJ
607
2261
26.8
161
142
108
39
22
4
1
12
36
22.4
13
8.1
72
344
.275
.256
.348
.334
.570
.492
.388
.357
15
94.4
89.8
21
Graphs
137

Schuemann, Max
607
1835
33.1
167
145
108
26
17
5
0
4
39
23.4
17
10.2
61
282
.179
.223
.275
.318
.297
.388
.259
.313
9
94.3
92.2
24
Graphs
138

Perdomo, Geraldo
607
1580
38.4
151
122
110
34
22
9
1
2
16
10.6
24
15.9
25
244
.279
.212
.391
.340
.418
.320
.355
.301
5
94.4
88.2
25
Graphs
139

Keith, Colt
605
2022
29.9
140
127
105
41
34
4
1
2
22
15.7
13
9.3
50
308
.323
.288
.386
.354
.417
.417
.355
.339
5
94.1
90.8
16
Graphs
140

Polanco, Jorge
604
1946
31.0
128
113
78
23
11
6
0
6
35
27.3
15
11.7
56
283
.204
.221
.297
.312
.416
.503
.311
.347
12
94.3
92.6
27
Graphs
141

Chourio, Jackson
602
2103
28.6
144
131
96
36
21
10
0
5
35
24.3
13
9.0
74
297
.275
.275
.340
.341
.466
.478
.349
.353
11
94.2
93.5
20
Graphs
142

McCutchen, Andrew
601
2163
27.8
149
130
83
34
22
6
0
6
47
31.5
18
12.1
91
282
.262
.234
.356
.332
.446
.444
.351
.337
11
94.2
92.2
21
Graphs
143

Cruz, Oneil
601
2381
25.2
147
130
106
46
28
13
0
5
26
17.7
14
9.5
57
289
.354
.339
.415
.405
.569
.632
.419
.436
19
94.7
98.5
14
Graphs
144

Tauchman, Mike
601
1537
39.1
130
99
70
21
14
4
0
3
30
23.1
30
23.1
62
273
.212
.220
.392
.401
.343
.370
.340
.353
6
94.8
89.3
16
Graphs
145

Wong, Connor
597
1865
32.0
128
115
74
27
22
4
0
1
41
32.0
12
9.4
87
306
.235
.206
.313
.287
.296
.328
.277
.275
5
94.4
88.2
19
Graphs
146

Mountcastle, Ryan
596
1901
31.4
129
116
85
37
22
11
1
3
33
25.6
11
8.5
84
343
.319
.295
.372
.356
.509
.495
.376
.369
12
94.1
93.7
15
Graphs
147

O'Hearn, Ryan
591
1920
30.8
151
137
117
40
28
6
1
5
21
13.9
11
7.3
25
268
.292
.301
.351
.364
.460
.490
.351
.370
8
94.4
92.8
15
Graphs
148

Lowe, Josh
587
1672
35.1
122
107
74
26
17
4
0
5
33
27.0
15
12.3
82
293
.243
.254
.336
.345
.421
.455
.333
.348
9
94.9
93.9
18
Graphs
149

O'Neill, Tyler
586
1984
29.5
145
124
79
30
12
6
0
12
46
31.7
18
12.4
82
269
.242
.210
.345
.321
.581
.562
.390
.372
16
94.5
97.2
35
Graphs
150

Peña, Jeremy
583
2272
25.7
155
140
123
40
29
8
1
2
19
12.3
10
6.5
54
313
.286
.318
.342
.375
.400
.491
.325
.374
6
94.3
92.0
18
Graphs
151

Perez, Salvador
582
2301
25.3
148
133
100
35
20
8
0
7
34
23.0
9
6.1
83
338
.263
.295
.331
.360
.481
.656
.350
.423
19
94.3
94.8
25
Graphs
152

Neto, Zach
581
2289
25.4
163
139
119
36
19
7
0
10
20
12.3
17
10.4
48
312
.259
.296
.368
.400
.525
.586
.385
.419
12
94.1
91.5
18
Graphs
153

Pham, Tommy
581
1923
30.2
150
136
110
35
24
6
1
4
26
17.3
14
9.3
50
253
.257
.311
.327
.376
.404
.544
.321
.393
12
94.0
94.0
9
Graphs
154

Springer, George
580
2304
25.2
162
143
117
39
26
5
0
8
27
16.7
15
9.3
64
296
.273
.298
.348
.371
.476
.556
.356
.394
16
94.1
91.0
13
Graphs
155

Soler, Jorge
579
2361
24.5
167
137
107
42
16
15
0
11
32
19.2
25
15.0
47
268
.307
.283
.416
.403
.657
.638
.447
.440
25
94.0
94.7
26
Graphs
156

McNeil, Jeff
578
1711
33.8
174
155
136
37
20
11
0
6
20
11.5
13
7.5
39
336
.239
.252
.316
.328
.426
.396
.324
.319
6
94.3
89.5
20
Graphs
157

Stanton, Giancarlo
578
1831
31.6
131
115
75
25
14
3
0
8
41
31.3
14
10.7
86
289
.217
.223
.305
.311
.452
.531
.327
.355
15
94.2
94.6
25
Graphs
158

Thomas, Lane
573
2080
27.5
138
119
80
31
15
9
1
6
41
29.7
15
10.9
47
248
.261
.268
.348
.355
.504
.457
.364
.350
8
94.4
92.7
27
Graphs
159

Rocchio, Brayan
568
1669
34.0
132
112
91
24
13
8
0
3
23
17.4
17
12.9
45
272
.214
.204
.318
.310
.366
.334
.304
.288
5
94.0
85.9
19
Graphs
160

Moore, Dylan
564
1804
31.3
146
121
67
25
8
8
2
7
55
37.7
19
13.0
83
280
.207
.164
.336
.302
.479
.370
.351
.300
11
93.8
91.5
28
Graphs
161

McCarthy, Jake
563
1786
31.5
148
126
109
40
30
3
3
4
19
12.8
15
10.1
27
289
.317
.265
.405
.367
.484
.405
.386
.345
5
94.5
85.6
14
Graphs
162

Tellez, Rowdy
562
1666
33.7
143
122
94
24
16
4
0
4
30
21.0
18
12.6
40
259
.197
.221
.301
.323
.328
.422
.283
.324
10
94.4
93.2
17
Graphs
163

Kelenic, Jarred
561
1758
31.9
147
136
98
32
16
9
2
5
39
26.5
10
6.8
86
305
.235
.267
.286
.316
.441
.493
.311
.346
13
94.5
92.6
23
Graphs
164

Turner, Trea
559
2043
27.4
160
146
122
36
26
4
0
6
25
15.6
11
6.9
50
310
.247
.278
.306
.335
.397
.482
.308
.350
11
94.7
92.0
19
Graphs
165

Jones, Nolan
552
1301
42.4
117
95
55
22
14
7
0
1
41
35.0
20
17.1
52
201
.232
.191
.368
.338
.337
.296
.322
.300
3
94.0
90.9
7
Graphs
166

Siri, Jose
551
1788
30.8
144
123
65
27
10
7
1
9
59
41.0
16
11.1
123
271
.220
.216
.326
.326
.512
.546
.358
.370
17
94.6
93.4
25
Graphs
167

Pederson, Joc
547
1810
30.2
123
103
64
30
14
8
0
8
39
31.7
17
13.8
68
236
.291
.213
.407
.341
.602
.452
.428
.345
12
94.9
93.5
29
Graphs
168

Albies, Ozzie
547
1649
33.2
132
117
104
29
16
9
0
4
14
10.6
10
7.6
49
299
.248
.261
.326
.337
.427
.485
.329
.353
11
94.4
90.3
28
Graphs
169

Benson, Will
545
1656
32.9
142
123
75
23
8
7
2
6
49
34.5
17
12.0
94
289
.187
.182
.289
.284
.423
.376
.308
.290
10
94.1
92.1
27
Graphs
170

Naylor, Bo
544
1624
33.5
130
119
77
19
7
5
0
7
43
33.1
10
7.7
76
266
.160
.180
.223
.241
.378
.363
.259
.262
9
94.4
92.3
31
Graphs
171

Nootbaar, Lars
543
1659
32.7
136
115
89
28
16
5
1
6
27
19.9
20
14.7
31
219
.243
.301
.353
.403
.461
.562
.353
.410
9
94.4
94.5
12
Graphs
172

Haniger, Mitch
542
1758
30.8
140
124
89
25
14
5
0
6
35
25.0
16
11.4
71
269
.202
.224
.293
.312
.387
.415
.300
.317
11
93.9
90.0
16
Graphs
173

O'Hoppe, Logan
541
1983
27.3
147
136
83
26
18
4
0
4
53
36.1
10
6.8
96
284
.191
.225
.252
.283
.309
.455
.250
.315
14
94.2
92.3
21
Graphs
174

Urshela, Gio
541
1693
32.0
148
136
108
34
24
5
0
5
29
19.6
11
7.4
62
287
.250
.260
.304
.315
.397
.439
.306
.327
11
94.0
90.8
14
Graphs
175

Jeffers, Ryan
539
1807
29.8
150
125
97
30
18
5
0
7
32
21.3
13
8.7
38
257
.240
.239
.340
.341
.448
.431
.341
.336
9
94.4
90.6
22
Graphs
176

Triolo, Jared
536
1764
30.4
133
112
77
21
12
5
0
4
37
27.8
18
13.5
74
284
.188
.209
.301
.320
.339
.350
.287
.299
4
94.0
90.6
20
Graphs
177

Bauers, Jake
533
1512
35.3
100
86
55
21
12
3
1
5
31
31.0
13
13.0
64
264
.244
.254
.350
.359
.477
.503
.359
.370
9
94.8
93.4
27
Graphs
178

Caballero, José
529
1894
27.9
120
105
68
22
10
6
1
5
39
32.5
11
9.2
72
281
.210
.191
.292
.283
.429
.368
.310
.295
8
94.6
88.8
29
Graphs
179

Rodgers, Brendan
528
2079
25.4
124
116
84
38
25
10
0
3
32
25.8
8
6.5
53
271
.328
.272
.371
.319
.491
.447
.373
.330
6
94.0
91.7
9
Graphs
180

Young, Jacob
526
1955
26.9
116
106
84
27
18
8
0
1
24
20.7
8
6.9
37
242
.255
.293
.302
.338
.358
.385
.289
.315
3
94.2
89.1
12
Graphs
181

Lopez, Nicky
525
1628
32.2
120
99
88
35
28
5
1
1
11
9.2
21
17.5
30
235
.354
.311
.467
.432
.455
.437
.409
.386
3
93.8
88.2
19
Graphs
182

Gelof, Zack
523
2055
25.5
162
146
94
34
17
8
1
8
54
33.3
13
8.0
88
280
.233
.227
.296
.297
.466
.473
.325
.334
14
94.1
91.4
21
Graphs
183

Candelario, Jeimer
522
1781
29.3
144
127
102
38
16
11
0
11
27
18.8
14
9.7
63
282
.299
.256
.368
.331
.646
.508
.422
.358
13
93.9
87.8
18
Graphs
184

Stephenson, Tyler
515
1947
26.5
148
134
105
38
26
1
1
10
30
20.3
11
7.4
41
251
.284
.259
.345
.323
.530
.508
.374
.353
13
94.2
91.7
18
Graphs
185

Singleton, Jon
513
1626
31.5
125
101
80
28
19
6
0
3
22
17.6
23
18.4
32
203
.277
.251
.408
.391
.426
.422
.370
.360
8
94.3
91.1
14
Graphs
186

Meyers, Jake
512
1817
28.2
153
137
115
33
17
7
3
6
23
15.0
12
7.8
41
271
.241
.280
.314
.350
.467
.494
.335
.364
10
94.4
89.8
20
Graphs
187

Horwitz, Spencer
511
1582
32.3
111
93
70
29
18
7
0
4
23
20.7
17
15.3
45
244
.312
.246
.423
.368
.516
.414
.408
.347
5
94.2
90.3
22
Graphs
188

Tucker, Kyle
509
1349
37.7
133
104
92
33
16
7
0
10
13
9.8
26
19.5
30
222
.317
.296
.450
.433
.673
.652
.468
.451
16
93.8
94.1
24
Graphs
189

García Jr., Luis
508
1883
27.0
133
123
108
36
29
4
0
3
16
12.0
9
6.8
37
266
.293
.332
.338
.376
.398
.587
.323
.408
11
94.1
94.0
15
Graphs
190

Yoshida, Masataka
507
1593
31.8
126
106
94
31
23
5
0
3
14
11.1
14
11.1
19
210
.292
.276
.389
.382
.425
.437
.359
.362
6
94.2
88.6
16
Graphs
191

Moniak, Mickey
507
1534
33.1
133
123
86
25
13
5
0
7
37
27.8
10
7.5
92
297
.203
.217
.263
.276
.415
.441
.293
.306
11
94.3
92.4
28
Graphs
192

Isbel, Kyle
505
1582
31.9
122
106
78
27
17
4
2
4
29
23.8
15
12.3
37
223
.255
.259
.344
.352
.443
.410
.342
.340
7
94.0
91.4
19
Graphs
193

Kiner-Falefa, Isiah
503
1710
29.4
126
117
101
36
29
4
1
2
17
13.5
6
4.8
25
230
.308
.296
.349
.340
.410
.409
.332
.327
1
93.8
88.2
18
Graphs
194

Lowe, Brandon
502
1624
30.9
100
90
66
24
12
4
1
7
24
24.0
10
10.0
67
248
.267
.292
.340
.363
.567
.634
.384
.416
12
94.6
92.5
19
Graphs
195

Toro, Abraham
501
1394
35.9
130
119
103
30
22
4
1
3
16
12.3
8
6.2
30
250
.252
.260
.315
.322
.378
.419
.306
.324
7
94.0
86.4
17
Graphs
196

Realmuto, J.T.
497
1583
31.4
132
122
88
32
22
7
1
2
34
25.8
9
6.8
60
277
.262
.273
.318
.329
.385
.447
.309
.335
9
94.5
93.2
14
Graphs
197

Rortvedt, Ben
496
1357
36.6
108
86
68
18
14
3
0
1
18
16.7
21
19.4
33
204
.209
.204
.370
.368
.279
.349
.309
.329
4
94.8
87.2
20
Graphs
198

Contreras, Willson
493
1382
35.7
125
98
61
29
20
5
0
4
37
29.6
19
15.2
78
243
.296
.258
.448
.418
.469
.421
.408
.377
7
94.5
94.4
15
Graphs
199

Crow-Armstrong, Pete
488
1421
34.3
128
111
77
22
14
4
1
3
35
27.3
13
10.2
87
276
.198
.201
.297
.299
.333
.369
.283
.295
8
94.4
92.4
30
Graphs
200

Moreno, Gabriel
487
1532
31.8
106
90
76
27
19
7
0
1
15
14.2
15
14.2
36
208
.300
.260
.396
.363
.411
.398
.358
.337
5
94.2
92.3
14
Graphs
201

Espinal, Santiago
484
1505
32.2
111
101
87
25
18
2
0
5
14
12.6
10
9.0
27
259
.248
.256
.315
.323
.416
.369
.320
.306
3
94.0
87.4
22
Graphs
202

Massey, Michael
484
1330
36.4
118
108
92
25
12
6
1
6
16
13.6
9
7.6
36
238
.231
.235
.297
.300
.472
.427
.330
.315
8
94.2
90.7
25
Graphs
203

Bogaerts, Xander
483
1791
27.0
126
116
106
42
33
8
0
1
11
8.7
9
7.1
18
226
.362
.280
.405
.329
.457
.376
.376
.310
4
94.0
90.5
15
Graphs
204

Drury, Brandon
479
1397
34.3
115
104
66
16
14
0
0
2
38
33.0
9
7.8
69
241
.154
.184
.235
.262
.212
.294
.209
.252
5
94.0
90.3
13
Graphs
205

Dubón, Mauricio
479
1450
33.0
125
115
93
27
22
5
0
0
24
19.2
8
6.4
68
294
.235
.203
.280
.256
.278
.281
.249
.246
4
93.9
89.5
17
Graphs
206

Burger, Jake
478
2081
23.0
119
106
79
32
15
7
0
10
28
23.5
10
8.4
56
253
.302
.286
.370
.356
.651
.671
.427
.425
21
94.6
97.1
23
Graphs
207

Kirk, Alejandro
477
1495
31.9
107
84
71
19
13
5
1
0
16
15.0
20
18.7
36
228
.226
.248
.364
.389
.310
.416
.309
.363
8
94.3
89.5
21
Graphs
208

Brown, Seth
476
1552
30.7
132
125
92
33
23
2
1
7
34
25.8
6
4.5
53
271
.264
.275
.295
.308
.464
.524
.325
.352
12
94.5
94.4
23
Graphs
209

Freeman, Tyler
475
1381
34.4
120
100
82
18
15
3
0
0
18
15.0
15
12.5
30
219
.180
.241
.317
.367
.210
.314
.258
.315
1
94.1
85.0
19
Graphs
210

Seager, Corey
473
1872
25.3
118
112
84
26
11
7
0
8
28
23.7
5
4.2
57
267
.232
.262
.271
.299
.509
.634
.331
.389
16
94.5
95.0
20
Graphs
211

Wells, Austin
468
1638
28.6
110
93
66
16
8
3
0
5
27
24.5
15
13.6
59
234
.172
.224
.300
.344
.366
.510
.299
.365
9
94.6
91.5
25
Graphs
212

Robert Jr., Luis
466
1609
29.0
114
101
65
26
16
5
0
5
37
32.5
9
7.9
86
257
.257
.255
.327
.333
.455
.538
.339
.377
13
94.2
94.4
20
Graphs
213

Sosa, Lenyn
465
1377
33.8
99
93
69
20
14
4
0
2
25
25.3
5
5.1
51
254
.215
.288
.253
.327
.323
.469
.252
.344
6
94.2
93.1
13
Graphs
214

Fermin, Freddy
465
1434
32.4
117
106
88
30
25
5
0
0
19
16.2
10
8.5
53
252
.283
.233
.342
.297
.330
.327
.301
.278
4
94.0
88.5
12
Graphs
215

Garver, Mitch
464
1815
25.6
127
108
69
26
11
6
0
9
40
31.5
17
13.4
51
192
.241
.221
.346
.333
.546
.491
.379
.356
11
93.8
94.9
23
Graphs
216

Torkelson, Spencer
463
1593
29.1
112
94
71
21
9
8
0
4
24
21.4
15
13.4
43
217
.223
.208
.339
.327
.436
.400
.339
.320
6
94.3
91.3
30
Graphs
217

d'Arnaud, Travis
462
1353
34.1
113
104
71
24
12
7
0
5
36
31.9
5
4.4
81
239
.231
.247
.265
.289
.442
.459
.299
.323
9
94.3
92.1
16
Graphs
218

Hernández, Enrique
460
1518
30.3
119
110
89
17
13
1
0
3
22
18.5
8
6.7
45
232
.155
.204
.210
.256
.245
.309
.205
.250
3
94.5
91.0
23
Graphs
219

Margot, Manuel
458
1308
35.0
97
83
72
25
17
7
0
1
12
12.4
13
13.4
39
221
.301
.322
.392
.410
.422
.468
.359
.383
4
94.0
92.9
18
Graphs
220

Kepler, Max
457
1498
30.5
118
107
89
29
20
6
0
3
18
15.3
9
7.6
49
228
.271
.272
.333
.334
.411
.475
.327
.348
8
94.4
91.8
21
Graphs
221

McKinstry, Zach
453
1249
36.3
135
118
96
20
15
3
2
0
23
17.0
16
11.9
38
236
.169
.214
.267
.308
.229
.337
.231
.289
3
94.2
89.2
25
Graphs
222

Merrifield, Whit
448
1330
33.7
108
92
77
16
11
3
0
2
15
13.9
15
13.9
21
203
.174
.212
.296
.329
.272
.323
.265
.297
3
94.1
85.8
23
Graphs
223

Raley, Luke
447
1713
26.1
96
80
57
26
9
7
1
9
23
24.0
11
11.5
67
224
.325
.297
.438
.414
.775
.717
.499
.466
13
94.5
91.4
25
Graphs
224

Tatis Jr., Fernando
447
1551
28.8
109
91
70
27
13
5
0
9
21
19.3
16
14.7
60
225
.297
.346
.413
.454
.648
.725
.446
.489
15
94.0
97.3
21
Graphs
225

Joe, Connor
447
1651
27.1
108
95
78
23
12
9
0
2
17
15.7
13
12.0
37
203
.242
.229
.333
.322
.400
.346
.323
.299
3
94.4
87.5
27
Graphs
226

Miranda, Jose
447
1540
29.0
129
112
100
35
18
9
3
5
14
10.9
12
9.3
41
251
.313
.270
.388
.354
.580
.449
.408
.351
7
94.2
91.6
23
Graphs
227

Brennan, Will
445
1230
36.2
95
84
71
26
20
3
0
3
14
14.7
9
9.5
35
215
.310
.284
.379
.358
.452
.400
.363
.335
3
94.0
88.0
18
Graphs
228

Lee, Korey
444
1429
31.1
100
92
55
18
9
5
1
3
37
37.0
8
8.0
92
262
.196
.198
.260
.262
.370
.353
.275
.269
4
94.1
92.0
17
Graphs
229

Fry, David
442
1515
29.2
117
105
75
30
14
8
0
8
30
25.6
10
8.5
60
233
.286
.280
.359
.354
.590
.517
.403
.374
10
93.9
89.6
28
Graphs
230

Friedl, TJ
439
1286
34.1
118
101
90
23
14
2
0
7
12
10.2
10
8.5
26
184
.228
.229
.331
.334
.455
.350
.342
.310
3
94.0
87.5
27
Graphs
231

Edwards, Xavier
437
1185
36.9
90
72
57
22
18
3
0
1
16
17.8
17
18.9
22
192
.306
.252
.433
.393
.389
.364
.371
.344
3
94.2
90.0
15
Graphs
232

Bader, Harrison
436
1647
26.5
116
102
73
28
17
8
0
3
29
25.0
8
6.9
35
205
.275
.260
.362
.350
.441
.440
.354
.346
8
94.6
91.1
22
Graphs
233

Rizzo, Anthony
435
1432
30.4
110
95
75
22
16
4
0
2
21
19.1
14
12.7
47
230
.232
.239
.327
.337
.337
.346
.299
.313
5
94.4
88.4
20
Graphs
234

Palacios, Richie
434
1281
33.9
107
87
59
16
13
3
0
0
28
26.2
19
17.8
49
190
.184
.200
.336
.351
.218
.285
.271
.299
2
94.7
89.0
23
Graphs
235

Larnach, Trevor
433
1576
27.5
115
98
82
24
14
5
0
5
17
14.8
15
13.0
32
196
.245
.338
.348
.427
.449
.646
.347
.449
13
94.6
94.3
12
Graphs
236

Buxton, Byron
432
1458
29.6
121
105
85
34
16
9
1
8
22
18.2
9
7.4
52
239
.324
.307
.397
.383
.657
.659
.440
.432
13
94.8
96.8
21
Graphs
237

Jansen, Danny
432
1376
31.4
98
74
57
13
7
3
0
3
18
18.4
21
21.4
31
177
.176
.199
.367
.386
.338
.383
.326
.349
4
94.6
90.5
30
Graphs
238

Renfroe, Hunter
429
1652
26.0
109
96
81
25
14
5
0
6
16
14.7
11
10.1
34
197
.260
.256
.339
.337
.500
.494
.360
.356
8
93.8
93.6
26
Graphs
239

Walls, Taylor
429
1028
41.7
111
91
67
19
15
2
1
1
27
24.3
17
15.3
53
215
.209
.208
.324
.327
.286
.313
.280
.294
3
94.7
89.4
27
Graphs
240

Ruiz, Keibert
424
1659
25.6
135
129
117
31
19
7
0
5
12
8.9
4
3.0
16
225
.240
.252
.274
.285
.411
.367
.296
.285
5
94.4
86.6
28
Graphs
241

Lopez, Otto
421
1545
27.2
111
99
77
24
18
5
0
1
24
21.6
10
9.0
43
218
.242
.283
.306
.345
.323
.453
.280
.345
7
94.2
92.9
15
Graphs
242

Siani, Michael
413
1289
32.0
94
83
56
23
18
4
0
1
27
28.7
11
11.7
48
210
.277
.250
.362
.338
.361
.335
.325
.305
2
93.9
86.5
8
Graphs
243

Cave, Jake
409
1345
30.4
99
91
69
27
14
6
2
5
24
24.2
6
6.1
48
216
.297
.288
.333
.326
.571
.511
.378
.353
7
94.5
90.9
15
Graphs
244

Frazier, Adam
408
1211
33.7
100
85
70
18
12
3
0
3
15
15.0
12
12.0
30
200
.212
.247
.330
.360
.353
.361
.309
.327
3
94.6
85.6
16
Graphs
245

Solano, Donovan
407
1273
32.0
88
74
59
25
15
5
0
5
16
18.2
13
14.8
39
190
.338
.289
.432
.392
.608
.501
.440
.386
6
94.3
90.1
23
Graphs
246

Westburg, Jordan
402
1634
24.6
122
111
83
34
14
10
0
10
28
23.0
8
6.6
56
214
.306
.316
.369
.378
.667
.675
.435
.440
20
94.3
94.9
22
Graphs
247

Gallo, Joey
400
1075
37.2
100
90
45
13
6
4
0
3
46
46.0
9
9.0
77
211
.144
.152
.220
.228
.289
.324
.227
.243
6
94.5
93.0
31
Graphs
248

Carlson, Dylan
397
1110
35.8
93
81
52
15
12
1
0
2
30
32.3
11
11.8
65
195
.185
.186
.280
.281
.272
.285
.253
.259
3
94.6
90.0
28
Graphs
249

Clement, Ernie
397
1449
27.4
115
110
96
29
18
5
1
5
16
13.9
3
2.6
42
254
.264
.220
.278
.238
.464
.380
.313
.264
6
94.2
88.5
28
Graphs
250

Taylor, Chris
396
1046
37.9
103
90
62
18
14
2
1
1
30
29.1
11
10.7
60
217
.200
.232
.282
.313
.278
.363
.253
.301
5
94.6
84.2
22
Graphs
251

Pillar, Kevin
394
1206
32.7
102
87
66
17
10
4
1
2
23
22.5
8
7.8
39
206
.195
.188
.294
.289
.333
.302
.281
.268
2
93.9
86.3
29
Graphs
252

Refsnyder, Rob
392
1202
32.6
99
86
63
25
15
5
0
5
24
24.2
11
11.1
42
181
.291
.293
.374
.376
.523
.550
.384
.393
10
94.2
95.6
14
Graphs
253

Marte, Starling
391
1417
27.6
77
70
50
22
17
2
2
1
21
27.3
6
7.8
46
184
.314
.319
.364
.368
.443
.444
.349
.351
4
94.0
91.1
14
Graphs
254

Hayes, Ke'Bryan
388
1470
26.4
90
78
65
17
15
2
0
0
13
14.4
11
12.2
29
173
.218
.239
.322
.341
.244
.342
.267
.308
2
94.8
90.9
9
Graphs
255

Wood, James
387
1404
27.6
93
83
53
23
13
5
1
4
30
32.3
9
9.7
32
150
.277
.290
.355
.366
.506
.560
.370
.393
10
94.1
99.9
6
Graphs
256

Bruján, Vidal
387
1055
36.7
94
81
62
19
14
4
1
0
19
20.2
12
12.8
34
195
.235
.194
.340
.305
.309
.255
.297
.262
1
94.4
85.0
15
Graphs
257

Fraley, Jake
386
1331
29.0
109
97
89
34
27
5
1
1
10
9.2
9
8.3
23
239
.351
.300
.404
.370
.454
.416
.373
.353
5
94.1
85.1
18
Graphs
258

Wallner, Matt
384
1030
37.3
91
79
48
21
10
6
0
5
31
34.1
8
8.8
69
189
.266
.241
.363
.341
.532
.495
.384
.359
10
94.2
93.5
23
Graphs
259

Yelich, Christian
384
1268
30.3
99
86
69
29
22
2
1
4
17
17.2
12
12.1
26
184
.337
.321
.418
.404
.523
.537
.408
.404
7
94.7
93.2
11
Graphs
260

Díaz, Elias
384
1323
29.0
81
69
47
18
13
5
0
0
23
28.4
9
11.1
52
190
.261
.233
.358
.334
.333
.307
.313
.294
2
93.8
90.0
16
Graphs
261

Vázquez, Christian
381
1141
33.4
104
96
76
20
13
5
0
2
22
21.2
6
5.8
33
209
.208
.213
.250
.256
.323
.351
.250
.264
3
94.0
89.9
19
Graphs
262

Duvall, Adam
380
1252
30.4
101
86
56
17
10
2
0
5
31
30.7
13
12.9
50
185
.198
.215
.307
.324
.395
.489
.309
.350
10
94.4
89.2
34
Graphs
263

Rojas, Johan
376
1329
28.3
98
89
72
24
20
3
1
0
17
17.3
7
7.1
28
190
.270
.277
.337
.343
.326
.360
.298
.315
1
94.1
88.3
10
Graphs
264

Fitzgerald, Tyler
376
1330
28.3
112
103
70
34
20
8
0
6
33
29.5
9
8.0
41
187
.330
.275
.384
.333
.583
.503
.412
.357
10
94.0
92.2
22
Graphs
265

DeLuca, Jonny
376
1345
28.0
88
73
53
19
13
4
1
1
20
22.7
13
14.8
39
198
.260
.229
.386
.361
.384
.322
.347
.316
3
94.4
85.2
28
Graphs
266

Cabrera, Oswaldo
375
1267
29.6
83
72
57
19
12
2
0
5
16
19.3
10
12.0
34
178
.264
.222
.349
.319
.500
.351
.364
.301
4
94.1
91.3
21
Graphs
267

Vientos, Mark
374
1756
21.3
107
94
65
30
17
3
0
10
30
28.0
9
8.4
63
213
.319
.305
.393
.381
.670
.689
.445
.442
15
94.4
96.8
18
Graphs
268

Muncy, Max
374
1208
31.0
83
67
48
20
5
8
0
7
21
25.3
14
16.9
44
152
.299
.213
.410
.340
.731
.541
.463
.369
8
94.6
91.4
38
Graphs
269

Suwinski, Jack
373
1114
33.5
87
75
53
14
7
2
0
5
22
25.3
12
13.8
40
173
.187
.220
.299
.327
.413
.435
.313
.333
6
94.1
88.1
22
Graphs
270

Gonzales, Nick
372
1371
27.1
85
72
52
15
9
3
0
3
21
24.7
10
11.8
57
194
.208
.250
.318
.356
.375
.449
.308
.354
6
94.0
91.6
24
Graphs
271

Rogers, Jake
363
1258
28.9
98
86
51
20
7
7
0
6
35
35.7
11
11.2
66
192
.233
.215
.327
.311
.523
.564
.363
.367
13
94.1
93.4
25
Graphs
272

Vargas, Miguel
362
1009
35.9
94
80
51
11
4
5
0
2
29
30.9
13
13.8
53
179
.138
.137
.266
.265
.275
.293
.251
.256
4
93.8
90.5
33
Graphs
273

Meadows, Parker
362
1214
29.8
94
80
59
22
12
2
2
6
22
23.4
13
13.8
42
173
.275
.239
.372
.344
.575
.470
.399
.352
8
94.2
92.5
25
Graphs
274

Julien, Edouard
361
1235
29.2
97
83
60
25
15
3
0
7
23
23.7
14
14.4
39
182
.301
.240
.402
.350
.590
.482
.423
.359
7
94.5
90.3
17
Graphs
275

Correa, Carlos
360
1375
26.2
85
74
55
25
16
6
1
2
19
22.4
9
10.6
32
167
.338
.312
.417
.394
.527
.493
.408
.384
8
94.3
93.2
6
Graphs
276

Amaya, Miguel
357
1291
27.7
98
89
74
21
16
2
0
3
15
15.3
7
7.1
32
207
.236
.280
.306
.347
.360
.451
.296
.347
5
93.9
93.7
17
Graphs
277

Urías, Ramón
354
1150
30.8
81
72
58
16
9
2
2
3
15
18.5
8
9.9
41
186
.222
.258
.296
.335
.431
.461
.312
.347
6
94.2
87.9
9
Graphs
278

Rosario, Amed
353
1210
29.2
81
74
58
25
20
3
1
1
16
19.8
5
6.2
42
186
.338
.290
.395
.351
.446
.406
.369
.333
2
94.2
91.6
10
Graphs
279

Hamilton, David
353
1190
29.7
110
100
69
26
14
4
0
8
31
28.2
10
9.1
47
193
.260
.207
.327
.279
.540
.380
.370
.287
8
94.4
88.4
23
Graphs
280

Gordon, Nick
352
1008
34.9
82
78
55
17
11
4
0
2
25
30.5
2
2.4
66
197
.218
.219
.232
.237
.346
.366
.246
.256
4
94.4
89.2
9
Graphs
281

Rosario, Eddie
352
1187
29.7
83
78
60
16
9
4
0
3
20
24.1
3
3.6
51
185
.205
.237
.229
.263
.372
.463
.255
.307
7
94.9
94.4
21
Graphs
282

Acuña Jr., Ronald
352
905
38.9
78
65
42
11
8
2
0
1
23
29.5
12
15.4
47
173
.169
.213
.308
.344
.246
.361
.264
.319
3
94.1
92.5
18
Graphs
283

Kiermaier, Kevin
350
1020
34.3
86
82
53
12
6
3
1
2
29
33.7
4
4.7
66
198
.146
.178
.186
.216
.280
.279
.203
.217
3
94.3
88.8
13
Graphs
284

Lewis, Royce
350
1233
28.4
77
69
47
14
6
5
0
3
22
28.6
8
10.4
57
189
.203
.211
.286
.293
.406
.413
.302
.308
6
94.6
89.4
25
Graphs
285

Taylor, Tyrone
350
1323
26.5
94
88
67
23
13
5
2
3
21
22.3
4
4.3
32
182
.261
.235
.309
.284
.466
.421
.333
.304
7
94.4
89.5
25
Graphs
286

Nevin, Tyler
350
1090
32.1
93
79
56
13
9
2
0
2
24
25.8
12
12.9
35
175
.165
.195
.280
.307
.266
.342
.253
.293
3
93.5
93.5
19
Graphs
287

Mitchell, Garrett
350
891
39.3
76
64
32
14
7
3
1
3
32
42.1
11
14.5
55
152
.219
.221
.342
.344
.438
.373
.342
.322
4
94.5
94.1
12
Graphs
288

Iglesias, Jose
348
1075
32.4
87
79
71
22
15
4
1
2
8
9.2
7
8.0
19
197
.278
.282
.345
.348
.430
.379
.339
.322
2
94.6
85.3
15
Graphs
289

Rojas, Miguel
347
1211
28.7
100
91
81
25
16
5
0
4
10
10.0
7
7.0
7
168
.275
.287
.340
.352
.462
.395
.348
.331
4
94.1
87.2
15
Graphs
290

Wisely, Brett
347
988
35.1
87
78
59
19
14
4
1
0
21
24.1
7
8.0
25
166
.244
.189
.299
.253
.321
.294
.273
.245
4
94.1
89.5
25
Graphs
291

Meneses, Joey
346
1142
30.3
88
78
61
20
14
6
0
0
19
21.6
8
9.1
32
186
.256
.256
.318
.322
.333
.443
.288
.333
6
94.4
92.5
21
Graphs
292

Estrada, Thairo
346
1309
26.4
104
97
77
27
18
4
1
4
20
19.2
6
5.8
23
176
.278
.263
.327
.313
.464
.419
.342
.319
5
94.4
89.3
15
Graphs
293

Peralta, David
346
1014
34.1
81
75
60
21
14
5
0
2
15
18.5
6
7.4
44
195
.280
.265
.333
.320
.427
.408
.331
.318
3
94.7
88.1
18
Graphs
294

Bichette, Bo
345
1186
29.1
80
75
63
16
12
3
0
1
12
15.0
4
5.0
25
191
.213
.291
.263
.336
.293
.492
.248
.356
4
94.5
94.4
5
Graphs
295

Taylor, Michael A.
345
1202
28.7
77
69
36
12
5
5
0
2
34
44.2
7
9.1
66
158
.174
.193
.247
.264
.333
.368
.255
.274
9
94.3
93.2
20
Graphs
296

McCormick, Chas
341
1010
33.8
82
72
54
13
9
1
1
2
19
23.2
9
11.0
51
186
.181
.263
.268
.348
.306
.490
.257
.365
7
93.9
89.0
24
Graphs
297

Kelly, Carson
339
1173
28.9
94
82
72
29
20
4
1
4
10
10.6
10
10.6
26
176
.354
.300
.436
.389
.573
.576
.434
.410
7
94.2
91.7
22
Graphs
298

Grossman, Robbie
339
1031
32.9
86
70
59
20
14
4
0
2
11
12.8
16
18.6
22
141
.286
.266
.419
.403
.429
.404
.378
.362
3
93.8
87.7
12
Graphs
299

Caratini, Victor
338
1039
32.5
101
87
76
23
15
4
0
4
11
10.9
13
12.9
26
182
.264
.282
.366
.381
.448
.450
.358
.364
4
94.2
91.5
12
Graphs
300

Heyward, Jason
338
1024
33.0
98
91
69
21
10
6
0
5
22
22.4
7
7.1
30
169
.231
.251
.286
.305
.462
.410
.321
.311
5
94.9
90.4
17
Graphs
301

Stallings, Jacob
336
1073
31.3
84
69
50
19
12
6
0
1
19
22.6
14
16.7
48
164
.275
.209
.405
.350
.406
.355
.363
.321
2
94.1
89.7
19
Graphs
302

Thaiss, Matt
333
754
44.2
89
72
39
12
9
3
0
0
33
37.1
17
19.1
63
145
.167
.150
.326
.312
.208
.268
.263
.274
3
94.2
91.3
18
Graphs
303

Loperfido, Joey
332
1003
33.1
86
76
54
18
9
6
1
2
23
26.7
8
9.3
54
184
.237
.240
.314
.321
.421
.348
.318
.300
2
94.5
89.2
13
Graphs
304

Farmer, Kyle
332
882
37.6
84
74
54
14
11
3
0
0
21
25.0
8
9.5
24
158
.189
.194
.274
.279
.230
.289
.234
.257
1
93.7
90.3
23
Graphs
305

Laureano, Ramón
332
1180
28.1
90
85
61
27
17
5
1
4
24
26.7
4
4.4
46
187
.318
.281
.356
.321
.541
.530
.384
.362
8
94.3
89.0
20
Graphs
306

Fortes, Nick
331
1154
28.7
81
74
67
21
13
6
0
2
11
13.6
3
3.7
17
162
.284
.228
.296
.250
.446
.303
.311
.242
1
93.8
86.2
23
Graphs
307

Alvarez, Francisco
329
1331
24.7
85
73
49
19
12
1
2
4
24
28.2
10
11.8
39
157
.260
.228
.365
.337
.493
.462
.371
.347
6
94.7
94.7
16
Graphs
308

Rivera, Emmanuel
328
1151
28.5
74
65
46
11
9
1
0
1
19
25.7
7
9.5
48
162
.169
.245
.270
.336
.231
.362
.237
.312
2
93.7
93.4
8
Graphs
309

Grichuk, Randal
327
1088
30.1
89
78
68
25
15
3
1
6
11
12.4
9
10.1
22
166
.321
.307
.393
.389
.615
.662
.425
.448
11
93.6
91.3
30
Graphs
310

Malloy, Justyn-Henry
326
992
32.9
77
67
45
15
11
2
0
2
22
28.6
9
11.7
38
149
.224
.225
.325
.326
.343
.382
.302
.314
4
94.2
87.1
24
Graphs
311

Smith, Dominic
324
1211
26.8
95
83
59
19
6
10
0
3
24
25.3
12
12.6
30
152
.229
.235
.326
.333
.458
.469
.340
.345
9
94.5
93.5
22
Graphs
312

Newman, Kevin
323
1070
30.2
89
82
72
24
19
3
1
1
10
11.2
7
7.9
15
167
.293
.265
.348
.323
.390
.358
.326
.302
2
94.4
89.0
19
Graphs
313

Stewart, DJ
323
765
42.2
79
58
36
6
4
0
0
2
23
29.1
17
21.5
45
131
.103
.167
.329
.383
.207
.260
.272
.324
3
94.2
91.0
31
Graphs
314

McCann, James
322
875
36.8
66
56
47
19
15
2
0
2
11
16.7
7
10.6
31
157
.339
.293
.409
.377
.482
.463
.385
.370
4
93.7
90.6
15
Graphs
315

Fletcher, Dominic
321
900
35.7
66
61
39
9
5
4
0
0
22
33.3
4
6.1
42
146
.148
.211
.212
.271
.213
.267
.196
.244
0
93.5
85.3
18
Graphs
316

Calhoun, Willie
320
958
33.4
83
75
65
19
14
3
0
2
10
12.0
8
9.6
20
156
.253
.229
.325
.303
.373
.345
.310
.289
1
94.3
89.1
21
Graphs
317

Herrera, Iván
320
1036
30.9
73
58
46
17
14
3
0
0
12
16.4
14
19.2
28
132
.293
.284
.438
.431
.345
.380
.363
.369
2
93.5
87.1
16
Graphs
318

Jankowski, Travis
320
819
39.1
93
84
71
14
12
2
0
0
13
14.0
8
8.6
18
151
.167
.248
.247
.320
.190
.314
.208
.286
0
94.8
88.6
13
Graphs
319

Biggio, Cavan
318
955
33.3
94
81
46
13
8
2
0
3
35
37.2
10
10.6
34
148
.160
.169
.261
.268
.296
.250
.254
.240
2
94.2
84.2
31
Graphs
320

Rengifo, Luis
317
1084
29.2
95
85
76
35
28
4
0
3
9
9.5
9
9.5
23
167
.412
.289
.474
.364
.565
.384
.450
.333
2
94.2
86.1
12
Graphs
321

Duran, Ezequiel
317
1011
31.4
79
73
50
19
13
5
0
1
24
30.4
5
6.3
41
183
.260
.207
.304
.255
.370
.321
.294
.253
3
93.9
90.3
21
Graphs
322

Guillorme, Luis
316
802
39.4
54
46
32
8
6
2
0
0
15
27.8
7
13.0
28
136
.174
.178
.278
.282
.217
.235
.234
.243
0
94.5
88.8
10
Graphs
323

Ibáñez, Andy
313
917
34.1
74
65
46
12
8
1
1
2
19
25.7
8
10.8
44
156
.185
.166
.284
.267
.323
.287
.273
.253
4
93.6
87.7
36
Graphs
324

Sánchez, Gary
313
1158
27.0
96
83
62
17
13
0
1
3
23
24.0
10
10.4
27
129
.205
.202
.292
.290
.337
.358
.279
.283
5
94.2
91.2
22
Graphs
325

Vargas, Ildemaro
312
1058
29.5
95
84
79
27
19
8
0
0
8
8.4
8
8.4
13
150
.321
.302
.368
.355
.417
.408
.340
.333
1
94.3
89.7
12
Graphs
326

Trevino, Jose
310
896
34.6
90
78
66
11
8
1
0
2
14
15.6
10
11.1
12
134
.141
.155
.233
.251
.231
.262
.214
.237
3
94.0
89.6
18
Graphs
327

Valdez, Enmanuel
307
919
33.4
71
65
50
16
9
4
0
3
16
22.5
5
7.0
25
144
.246
.249
.296
.301
.446
.509
.318
.343
8
94.4
91.8
32
Graphs
328

Slater, Austin
307
882
34.8
66
50
24
10
7
3
0
0
26
39.4
13
19.7
47
142
.200
.166
.394
.368
.260
.239
.319
.299
0
93.2
93.1
4
Graphs
329

Rendon, Anthony
307
977
31.4
72
60
48
9
5
4
0
0
14
19.4
9
12.5
24
132
.150
.225
.264
.331
.217
.364
.227
.314
2
94.4
91.8
25
Graphs
330

Grandal, Yasmani
307
952
32.2
71
63
49
16
4
6
0
6
14
19.7
8
11.3
20
120
.254
.282
.338
.363
.635
.624
.407
.413
11
94.0
95.5
23
Graphs
331

Bride, Jonah
306
1157
26.4
81
67
60
18
13
2
0
3
10
12.3
10
12.3
12
137
.269
.212
.358
.321
.433
.356
.342
.306
4
94.3
91.2
17
Graphs
332

Stowers, Kyle
306
819
37.4
71
67
37
12
9
2
1
0
30
42.3
4
5.6
71
182
.179
.170
.225
.217
.239
.279
.208
.219
3
94.7
92.0
20
Graphs
333

Bart, Joey
305
1127
27.1
71
57
42
17
8
5
0
4
15
21.1
11
15.5
28
124
.298
.268
.437
.414
.596
.591
.440
.426
7
94.4
89.7
17
Graphs
334

Senzel, Nick
304
1005
30.2
85
70
55
11
5
3
0
3
15
17.6
15
17.6
33
139
.157
.227
.306
.363
.329
.392
.290
.338
6
94.3
85.6
24
Graphs
335

Grisham, Trent
303
854
35.5
70
59
42
14
8
1
0
5
17
24.3
9
12.9
29
112
.237
.264
.357
.379
.508
.648
.374
.427
10
94.6
96.8
26
Graphs
336

Martin, Austin
303
934
32.4
93
80
65
19
13
5
0
1
15
16.1
12
12.9
20
149
.237
.267
.344
.369
.338
.365
.309
.329
0
94.1
88.6
15
Graphs
337

Carpenter, Kerry
303
1131
26.8
84
74
54
21
7
3
3
8
22
26.2
7
8.3
42
149
.284
.277
.345
.349
.730
.722
.436
.445
14
94.4
92.2
24
Graphs
338

Schneemann, Daniel
301
901
33.4
71
62
45
13
4
5
0
4
17
23.9
9
12.7
33
154
.210
.239
.310
.336
.484
.420
.341
.331
4
94.2
93.6
17
Graphs
339

Murphy, Sean
298
1065
28.0
66
55
38
11
6
1
1
3
17
25.8
10
15.2
35
136
.200
.262
.333
.385
.418
.599
.332
.413
8
94.7
91.9
16
Graphs
340

Sosa, Edmundo
296
1050
28.2
68
58
47
17
10
4
1
2
12
17.6
6
8.8
36
167
.293
.241
.382
.345
.500
.393
.380
.335
5
93.7
90.2
27
Graphs
341

Casas, Triston
294
991
29.7
87
76
49
20
10
3
0
7
27
31.0
11
12.6
46
155
.263
.226
.356
.323
.579
.488
.397
.348
7
94.4
92.5
10
Graphs
342

Hampson, Garrett
287
883
32.5
70
64
52
18
14
3
1
0
12
17.1
6
8.6
22
147
.281
.251
.343
.315
.359
.366
.312
.302
2
93.9
88.5
21
Graphs
343

Pagés, Pedro
285
849
33.6
58
51
31
10
7
0
2
1
21
36.2
6
10.3
37
144
.196
.215
.276
.309
.333
.332
.268
.306
2
94.5
91.1
16
Graphs
344

Campusano, Luis
282
1025
27.5
82
72
64
17
11
4
0
2
9
11.0
9
11.0
27
144
.236
.298
.317
.381
.375
.479
.305
.376
5
93.8
91.4
16
Graphs
345

Robles, Victor
281
1020
27.5
91
76
69
28
17
8
0
3
9
9.9
8
8.8
20
158
.368
.328
.451
.420
.592
.604
.443
.435
9
94.2
92.2
19
Graphs
346

Holliday, Jackson
279
826
33.8
67
59
36
15
12
2
0
1
24
35.8
6
9.0
44
131
.254
.239
.328
.315
.339
.448
.298
.328
4
94.3
97.6
16
Graphs
347

Flores, Wilmer
278
964
28.8
73
63
55
10
9
1
0
0
9
12.3
9
12.3
15
120
.159
.191
.260
.288
.175
.306
.211
.268
3
93.9
85.9
28
Graphs
348

Báez, Javier
276
1028
26.8
75
71
54
13
10
2
0
1
18
24.0
3
4.0
36
138
.183
.224
.213
.252
.254
.358
.206
.262
4
94.1
92.4
18
Graphs
349

Anderson, Tim
276
945
29.2
62
60
41
10
9
1
0
0
19
30.6
2
3.2
48
146
.167
.232
.194
.257
.183
.340
.170
.260
2
94.1
91.6
11
Graphs
350

Olivares, Edward
269
768
35.0
71
62
51
16
12
1
0
3
14
19.7
6
8.5
30
146
.258
.294
.310
.347
.419
.447
.312
.341
5
94.2
89.4
20
Graphs
351

Jiménez, Eloy
269
1201
22.4
85
77
63
25
16
5
0
4
14
16.5
7
8.2
12
133
.325
.292
.388
.359
.545
.551
.401
.387
10
93.8
93.8
7
Graphs
352

Martini, Nick
269
625
43.0
62
55
40
7
5
1
0
1
16
25.8
3
4.8
23
116
.127
.175
.210
.254
.200
.304
.193
.250
4
94.3
88.2
26
Graphs
353

Ahmed, Nick
269
851
31.6
76
67
53
16
13
2
0
1
15
19.7
8
10.5
34
147
.239
.254
.316
.329
.313
.361
.283
.305
2
93.8
89.1
20
Graphs
354

LeMahieu, DJ
265
845
31.4
51
42
37
12
11
1
0
0
7
13.7
6
11.8
17
113
.286
.287
.373
.378
.310
.428
.310
.353
2
93.9
91.3
2
Graphs
355

Barger, Addison
264
859
30.7
75
70
49
15
8
5
0
2
21
28.0
5
6.7
37
139
.214
.231
.267
.282
.371
.366
.278
.283
4
94.2
91.0
20
Graphs
356

Goodman, Hunter
264
828
31.9
66
58
41
10
4
1
0
5
18
27.3
5
7.6
43
142
.172
.203
.258
.285
.448
.515
.302
.336
9
94.2
89.2
28
Graphs
357

Wisdom, Patrick
264
701
37.7
63
58
37
11
6
2
0
3
21
33.3
5
7.9
39
135
.190
.153
.254
.220
.379
.320
.276
.237
4
93.7
90.4
41
Graphs
358

Andujar, Miguel
263
1176
22.4
73
71
67
27
21
5
0
1
4
5.5
2
2.7
11
149
.380
.323
.397
.342
.493
.444
.387
.340
4
94.3
91.7
19
Graphs
359

Yepez, Juan
260
966
26.9
58
50
38
15
8
5
0
2
13
22.4
7
12.1
31
140
.300
.215
.379
.314
.520
.330
.384
.294
3
93.6
91.6
11
Graphs
360

Jiménez, Leo
259
847
30.6
56
43
24
12
4
6
0
2
20
35.7
7
12.5
35
107
.279
.278
.429
.429
.558
.543
.421
.419
4
94.0
91.8
23
Graphs
361

Mateo, Jorge
259
820
31.6
48
45
33
9
3
5
0
1
12
25.0
3
6.3
21
126
.200
.188
.250
.239
.378
.294
.272
.237
1
93.6
89.1
19
Graphs
362

Davis, J.D.
256
587
43.6
65
58
37
14
11
2
0
1
21
32.3
7
10.8
55
144
.241
.214
.323
.300
.328
.332
.294
.283
2
94.2
91.6
4
Graphs
363

Pache, Cristian
253
753
33.6
63
55
30
7
5
1
1
0
25
39.7
8
12.7
44
125
.127
.141
.238
.250
.182
.226
.203
.224
1
93.7
88.1
21
Graphs
364

Cameron, Daz
253
715
35.4
55
46
37
9
6
1
1
1
10
18.2
8
14.5
23
126
.196
.208
.309
.329
.326
.377
.285
.325
4
93.6
90.2
6
Graphs
365

Ramírez, Harold
248
878
28.2
69
65
50
15
9
5
0
1
16
23.2
2
2.9
37
150
.231
.230
.261
.262
.354
.352
.266
.267
3
93.9
88.4
1
Graphs
366

Fairchild, Stuart
247
853
29.0
81
73
55
22
11
5
0
6
18
22.2
7
8.6
32
134
.301
.285
.370
.356
.616
.603
.417
.404
8
93.4
91.2
25
Graphs
367

Hays, Austin
244
845
28.9
77
69
56
20
12
6
0
2
14
18.2
5
6.5
17
120
.290
.268
.351
.336
.464
.456
.352
.347
5
94.1
91.7
20
Graphs
368

Alexander, Blaze
243
714
34.0
50
43
30
16
10
4
0
2
13
26.0
6
12.0
30
118
.372
.262
.460
.366
.605
.440
.456
.354
3
94.2
95.1
10
Graphs
369

Stubbs, Garrett
243
746
32.6
57
50
35
10
7
3
0
0
15
26.3
6
10.5
23
120
.200
.194
.298
.293
.260
.239
.259
.250
0
93.8
79.5
29
Graphs
370

Tena, José
242
673
36.0
55
53
43
19
17
1
0
1
10
18.2
2
3.6
15
111
.358
.338
.382
.362
.434
.556
.358
.391
4
93.7
95.4
17
Graphs
371

Norby, Connor
240
759
31.6
63
56
37
12
8
1
0
3
20
31.7
6
9.5
39
139
.214
.214
.286
.293
.393
.487
.295
.334
8
94.4
89.6
26
Graphs
372

Martínez, Angel
237
677
35.0
61
56
42
12
11
1
0
0
15
24.6
4
6.6
25
116
.214
.227
.262
.276
.232
.317
.225
.262
0
94.7
90.6
17
Graphs
373

Velázquez, Nelson
235
903
26.0
62
54
35
10
7
1
0
2
22
35.5
5
8.1
39
125
.185
.187
.242
.259
.315
.380
.241
.288
4
93.9
91.6
24
Graphs
374

Monasterio, Andruw
235
647
36.3
38
33
24
8
6
2
0
0
9
23.7
5
13.2
23
108
.242
.248
.342
.347
.303
.411
.296
.334
2
93.9
91.6
15
Graphs
375

Julks, Corey
233
767
30.4
64
59
43
15
11
2
0
2
16
25.0
5
7.8
23
120
.254
.258
.313
.316
.390
.411
.309
.317
3
94.1
87.9
23
Graphs
376

Gonzalez, Romy
228
826
27.6
60
53
34
18
13
4
1
0
20
33.3
6
10.0
34
138
.340
.284
.400
.355
.453
.366
.370
.326
1
94.3
97.2
10
Graphs
377

Soderstrom, Tyler
228
770
29.6
77
64
52
20
10
6
0
4
12
15.6
13
16.9
22
123
.313
.323
.429
.437
.594
.689
.435
.468
11
94.4
95.4
14
Graphs
378

Jackson, Alex
226
626
36.1
60
52
33
4
3
1
0
0
20
33.3
6
10.0
48
133
.077
.124
.183
.231
.096
.185
.146
.210
2
94.2
89.7
26
Graphs
379

Lipscomb, Trey
226
780
29.0
52
46
38
4
3
0
0
1
8
15.4
6
11.5
21
110
.087
.196
.192
.289
.152
.302
.170
.268
1
93.7
87.4
-2
Graphs
380

Manzardo, Kyle
225
636
35.4
44
37
32
12
5
4
0
3
5
11.4
6
13.6
22
100
.324
.250
.432
.369
.676
.528
.464
.384
4
94.4
91.2
29
Graphs
381

Carter, Evan
223
648
34.4
63
54
41
11
7
2
1
1
14
22.2
8
12.7
13
91
.204
.245
.302
.339
.333
.334
.283
.305
1
93.6
88.5
20
Graphs
382

Higashioka, Kyle
223
1062
21.0
59
53
40
13
7
1
0
5
14
23.7
5
8.5
18
112
.245
.263
.305
.321
.547
.612
.358
.385
8
94.0
94.4
29
Graphs
383

Outman, James
221
634
34.9
53
44
27
6
3
1
0
2
17
32.1
8
15.1
33
108
.136
.150
.283
.295
.295
.286
.269
.270
2
94.2
89.3
22
Graphs
384

Trout, Mike
217
574
37.8
49
41
33
9
4
1
1
3
8
16.3
8
16.3
15
83
.220
.254
.347
.376
.512
.561
.368
.397
4
94.2
87.8
36
Graphs
385

Baldwin, Brooks
214
426
50.2
51
47
31
6
5
0
0
1
16
31.4
4
7.8
32
114
.128
.146
.196
.213
.191
.279
.181
.220
1
93.5
88.1
44
Graphs
386

Montero, Elehuris
212
923
23.0
61
50
40
12
10
1
0
1
11
18.0
10
16.4
17
106
.240
.277
.361
.400
.320
.480
.312
.391
5
93.6
94.6
19
Graphs
387

Carpenter, Matt
211
669
31.5
53
47
32
11
7
1
0
3
16
30.2
4
7.5
22
99
.234
.225
.302
.296
.447
.464
.322
.323
4
94.6
86.3
26
Graphs
388

Barnes, Austin
211
593
35.6
54
47
32
7
7
0
0
0
15
27.8
7
13.0
23
102
.149
.201
.259
.304
.149
.254
.204
.261
0
94.6
87.4
12
Graphs
389

Scott II, Victor
209
568
36.8
53
49
40
12
8
3
0
1
9
17.0
4
7.5
12
108
.245
.276
.302
.331
.367
.425
.295
.329
3
94.5
92.0
23
Graphs
390

Jung, Josh
209
693
30.2
53
51
40
14
7
2
1
4
12
22.6
1
1.9
30
121
.275
.248
.283
.258
.588
.485
.361
.309
6
93.9
87.1
22
Graphs
391

Maile, Luke
206
637
32.3
58
49
30
6
4
1
0
1
19
32.8
7
12.1
25
93
.122
.156
.259
.287
.204
.272
.226
.261
2
93.9
87.1
17
Graphs
392

Herrera, Jose
206
501
41.1
42
35
30
10
7
3
0
0
5
11.9
7
16.7
12
81
.286
.294
.405
.412
.371
.371
.351
.355
0
93.8
87.0
8
Graphs
393

Hilliard, Sam
205
648
31.6
48
40
21
11
6
2
0
3
19
39.6
8
16.7
41
91
.275
.210
.396
.342
.550
.416
.405
.334
4
94.6
95.4
20
Graphs
394

McCray, Grant
204
519
39.3
43
39
23
11
6
2
2
1
16
37.2
4
9.3
39
102
.282
.263
.349
.332
.513
.406
.367
.324
2
94.3
95.6
5
Graphs
395

Lee, Brooks
203
614
33.1
62
56
48
10
8
2
0
0
8
12.9
6
9.7
9
99
.179
.230
.258
.305
.214
.312
.221
.278
1
94.5
89.5
15
Graphs
396

Kirilloff, Alex
202
677
29.8
66
59
48
10
4
2
1
3
12
18.2
6
9.1
29
112
.169
.252
.242
.318
.390
.524
.271
.357
5
94.3
93.7
19
Graphs
397

Wade, Tyler
200
587
34.1
35
30
24
5
5
0
0
0
6
17.1
5
14.3
14
87
.167
.193
.286
.308
.167
.265
.224
.267
0
94.3
85.4
27
Graphs
398

Beck, Jordan
200
659
30.3
46
40
22
7
5
1
0
1
18
39.1
6
13.0
43
107
.175
.174
.283
.282
.275
.345
.258
.280
2
94.6
95.1
26
Graphs
399

Baty, Brett
197
676
29.1
46
42
32
10
10
0
0
0
10
21.7
4
8.7
24
111
.238
.208
.304
.277
.238
.308
.252
.261
1
94.1
83.8
12
Graphs
400

Marte, Noelvi
195
882
22.1
55
50
33
10
5
2
0
3
18
32.7
4
7.3
23
110
.200
.247
.255
.298
.420
.524
.288
.345
6
94.1
92.4
15
Graphs
401

Loftin, Nick
195
626
31.2
64
51
44
12
9
2
0
1
8
12.5
12
18.8
5
82
.235
.265
.375
.399
.333
.427
.324
.365
3
94.1
90.4
16
Graphs
402

Hedges, Austin
191
547
34.9
44
40
28
9
7
1
0
1
13
29.5
3
6.8
31
104
.225
.200
.273
.250
.325
.279
.262
.235
1
93.6
88.2
22
Graphs
403

Lee, Jung Hoo
189
569
33.2
62
55
51
14
12
1
0
1
5
8.1
6
9.7
6
90
.255
.297
.323
.361
.327
.406
.291
.334
3
93.7
91.5
8
Graphs
404

Noda, Ryan
186
499
37.3
35
31
21
4
2
2
0
0
10
28.6
4
11.4
24
75
.129
.189
.229
.282
.194
.357
.201
.282
2
93.8
92.7
29
Graphs
405

Walker, Jordan
185
669
27.7
58
54
38
12
6
3
0
3
16
27.6
4
6.9
24
107
.222
.226
.276
.279
.444
.420
.310
.301
4
94.3
92.9
15
Graphs
406

Aranda, Jonathan
181
573
31.6
38
32
21
7
4
2
0
1
12
31.6
4
10.5
20
82
.219
.210
.316
.312
.375
.411
.304
.317
3
94.3
96.6
24
Graphs
407

Stefanic, Michael
181
482
37.6
38
31
26
5
5
0
0
0
5
13.2
5
13.2
4
70
.161
.150
.316
.306
.161
.199
.245
.250
0
93.4
84.1
20
Graphs
408

Noel, Jhonkensy
179
725
24.7
52
47
29
8
3
1
0
4
18
34.6
3
5.8
23
93
.170
.218
.250
.294
.447
.517
.300
.344
6
94.0
93.7
17
Graphs
409

Rice, Ben
175
724
24.2
45
38
27
7
1
3
0
3
11
24.4
7
15.6
18
82
.184
.232
.311
.351
.500
.541
.347
.378
6
94.4
92.4
26
Graphs
410

McCann, Kyle
175
636
27.5
44
39
21
11
6
2
0
3
18
40.9
5
11.4
31
84
.282
.221
.364
.309
.564
.491
.395
.341
5
94.5
95.7
27
Graphs
411

Bryant, Kris
174
608
28.6
51
47
34
11
8
2
0
1
14
27.5
3
5.9
23
91
.234
.263
.275
.304
.340
.361
.268
.292
1
93.7
88.9
19
Graphs
412

Maldonado, Martín
173
556
31.1
53
48
36
5
3
2
0
0
12
22.6
4
7.5
23
92
.104
.158
.189
.238
.146
.281
.163
.234
2
93.0
91.9
29
Graphs
413

Smith, Pavin
173
631
27.4
45
37
32
14
6
4
0
4
6
13.3
7
15.6
9
71
.378
.359
.467
.451
.811
.757
.518
.491
7
94.7
95.9
19
Graphs
414

Edman, Tommy
173
567
30.5
53
45
40
11
9
0
0
2
6
11.3
7
13.2
12
84
.244
.275
.340
.367
.378
.418
.318
.342
2
95.0
89.1
16
Graphs
415

Harris, Brett
172
493
34.9
47
35
25
3
3
0
0
0
11
23.4
10
21.3
13
73
.086
.135
.298
.334
.086
.172
.218
.261
0
93.8
90.0
36
Graphs
416

McGuire, Reese
172
609
28.2
47
39
25
8
6
1
0
1
16
34.0
5
10.6
16
84
.205
.226
.298
.317
.308
.371
.271
.301
2
94.5
86.5
20
Graphs
417

Mendick, Danny
171
540
31.7
42
38
26
5
4
1
0
0
12
28.6
3
7.1
26
90
.132
.193
.214
.270
.158
.327
.180
.266
1
93.9
90.0
23
Graphs
418

Abreu, José
171
486
35.2
34
32
25
6
5
0
0
1
7
20.6
2
5.9
27
93
.188
.214
.235
.261
.281
.314
.230
.254
1
94.1
93.2
7
Graphs
419

Short, Zack
170
391
43.5
41
31
20
3
2
1
0
0
11
26.8
10
24.4
19
78
.097
.171
.317
.373
.129
.260
.242
.308
0
94.0
87.4
25
Graphs
420

Blanco, Dairon
169
459
36.8
41
38
29
7
5
1
0
1
9
22.0
3
7.3
24
85
.184
.165
.244
.226
.289
.300
.239
.233
1
94.4
88.0
16
Graphs
421

Clemens, Kody
169
468
36.1
45
41
29
13
4
5
1
3
12
26.7
4
8.9
24
90
.317
.188
.378
.260
.707
.401
.451
.286
4
94.8
93.5
29
Graphs
422

Matos, Luis
165
544
30.3
51
48
39
9
8
0
0
1
10
19.6
2
3.9
12
102
.188
.192
.216
.220
.250
.313
.206
.231
2
94.4
90.4
26
Graphs
423

Mastrobuoni, Miles
162
381
42.5
50
44
38
9
6
3
0
0
7
14.0
5
10.0
14
78
.205
.273
.280
.341
.273
.404
.250
.327
1
94.8
89.0
20
Graphs
424

Call, Alex
161
493
32.7
37
30
22
9
4
5
0
0
8
21.6
6
16.2
15
74
.300
.177
.432
.332
.467
.241
.396
.275
0
94.4
88.8
30
Graphs
425

Kjerstad, Heston
159
423
37.6
32
28
17
7
7
0
0
0
11
34.4
2
6.3
24
90
.250
.216
.344
.314
.250
.294
.281
.279
0
94.7
95.6
19
Graphs
426

Davis, Henry
157
521
30.1
42
36
20
2
1
1
0
0
17
40.5
5
11.9
35
85
.056
.106
.167
.210
.083
.183
.133
.187
1
94.2
90.1
40
Graphs
427

Arias, Gabriel
156
578
27.0
35
33
19
6
4
1
0
1
14
40.0
1
2.9
38
90
.182
.201
.229
.247
.303
.340
.235
.258
2
93.4
97.5
20
Graphs
428

Chaparro, Andrés
155
525
29.5
36
33
24
7
3
3
0
1
9
25.0
1
2.8
17
93
.212
.224
.278
.289
.394
.354
.294
.286
0
94.0
86.6
27
Graphs
429

Nido, Tomás
155
506
30.6
40
38
25
5
2
2
0
1
14
35.0
1
2.5
37
101
.132
.172
.150
.200
.263
.363
.175
.246
4
93.8
89.6
19
Graphs
430

Bouchard, Sean
154
431
35.7
36
31
18
7
3
3
0
1
14
38.9
4
11.1
24
70
.226
.148
.306
.247
.419
.308
.312
.253
2
93.3
91.7
16
Graphs
431

Kavadas, Niko
153
465
32.9
41
36
22
7
4
1
0
2
14
34.1
5
12.2
20
70
.194
.226
.293
.320
.389
.472
.301
.340
3
94.1
95.8
26
Graphs
432

Urías, Luis
151
452
33.4
42
37
21
5
1
2
0
2
16
38.1
2
4.8
22
69
.135
.146
.238
.247
.351
.360
.263
.269
3
93.2
87.7
30
Graphs
433

Gomes, Yan
148
375
39.5
35
34
20
5
3
2
0
0
14
40.0
1
2.9
31
84
.147
.195
.171
.218
.206
.362
.167
.247
3
94.9
93.4
20
Graphs
434

Adams, Riley
146
531
27.5
38
30
24
8
4
2
0
2
6
15.8
6
15.8
14
72
.267
.308
.421
.454
.533
.677
.413
.472
5
94.1
89.5
19
Graphs
435

Dalbec, Bobby
145
413
35.1
25
21
10
4
3
0
0
1
11
44.0
4
16.0
32
74
.190
.106
.320
.249
.333
.168
.298
.209
0
93.7
87.9
16
Graphs
436

Hill, Derek
145
609
23.8
38
36
21
10
5
2
1
2
15
39.5
2
5.3
24
73
.278
.264
.316
.302
.556
.499
.368
.342
4
93.9
92.8
15
Graphs
437

Florial, Estevan
145
450
32.2
47
43
24
6
1
2
2
1
19
40.4
4
8.5
40
91
.140
.156
.213
.228
.349
.275
.242
.225
2
94.3
92.0
23
Graphs
438

Encarnacion-Strand, Christian
144
451
31.9
36
34
22
4
3
1
0
0
12
33.3
2
5.6
18
70
.118
.190
.167
.235
.147
.348
.147
.254
2
93.8
89.3
29
Graphs
439

Lukes, Nathan
143
356
40.2
31
24
21
6
4
2
0
0
5
16.1
5
16.1
15
77
.250
.186
.355
.310
.333
.230
.306
.254
0
94.4
88.7
21
Graphs
440

Hernaiz, Darell
141
510
27.6
35
29
23
5
5
0
0
0
6
17.1
5
14.3
12
62
.172
.183
.314
.323
.172
.223
.245
.265
0
93.4
87.8
10
Graphs
441

Canzone, Dominic
140
696
20.1
40
36
26
8
4
2
0
2
10
25.0
4
10.0
22
77
.222
.259
.300
.333
.444
.580
.322
.384
4
94.5
93.7
22
Graphs
442

Barnhart, Tucker
140
375
37.3
35
27
21
9
6
3
0
0
6
17.1
8
22.9
7
51
.333
.241
.486
.415
.444
.330
.416
.348
1
94.4
83.6
6
Graphs
443

Crews, Dylan
138
520
26.5
38
33
31
11
5
3
0
3
2
5.3
5
13.2
5
65
.333
.313
.421
.406
.697
.677
.468
.451
4
93.2
92.9
17
Graphs
444

Myers, Dane
138
425
32.5
35
31
17
7
4
3
0
0
14
40.0
3
8.6
19
63
.226
.208
.314
.298
.323
.254
.288
.258
0
93.9
93.5
11
Graphs
445

Berti, Jon
136
271
50.2
36
31
24
7
7
0
0
0
7
19.4
4
11.1
11
57
.226
.246
.333
.351
.226
.320
.268
.308
1
93.5
86.3
16
Graphs
446

Cooper, Garrett
136
450
30.2
38
34
24
6
3
1
1
1
10
26.3
4
10.5
15
62
.176
.277
.263
.353
.353
.494
.271
.365
3
94.4
84.9
16
Graphs
447

Story, Trevor
135
373
36.2
36
32
21
9
6
2
0
1
11
30.6
4
11.1
18
71
.281
.216
.361
.303
.438
.312
.350
.276
1
94.7
87.0
17
Graphs
448

Casali, Curt
135
476
28.4
43
37
30
10
7
2
0
1
7
16.3
4
9.3
9
63
.270
.229
.372
.337
.405
.334
.347
.306
1
93.8
87.6
25
Graphs
449

Bethancourt, Christian
134
516
26.0
35
31
22
9
6
2
0
1
9
25.7
3
8.6
31
90
.290
.234
.371
.321
.452
.380
.361
.312
1
94.1
96.4
24
Graphs
450

Caminero, Junior
133
629
21.1
40
36
27
13
7
1
1
4
9
22.5
4
10.0
15
68
.361
.345
.425
.411
.778
.733
.499
.475
7
95.0
97.3
24
Graphs
451

Dunn, Oliver
132
418
31.6
32
30
18
8
5
1
1
1
12
37.5
1
3.1
23
69
.267
.224
.313
.272
.467
.491
.335
.325
3
94.5
93.0
20
Graphs
452

Gamel, Ben
132
381
34.6
35
26
18
6
4
1
0
1
8
22.9
9
25.7
14
44
.231
.273
.429
.460
.385
.432
.372
.400
3
94.3
87.7
26
Graphs
453

Wagner, Will
132
364
36.3
27
24
22
9
7
2
0
0
2
7.4
3
11.1
9
58
.375
.378
.444
.447
.458
.619
.398
.454
3
94.8
94.1
7
Graphs
454

Jung, Jace
130
386
33.7
29
21
11
4
3
1
0
0
10
34.5
8
27.6
18
61
.190
.187
.414
.411
.238
.294
.325
.339
1
94.4
83.8
15
Graphs
455

Rivas, Leo
130
371
35.0
26
20
15
5
5
0
0
0
5
19.2
5
19.2
8
45
.250
.241
.423
.416
.250
.316
.330
.345
0
94.8
87.9
16
Graphs
456

Mead, Curtis
127
471
27.0
25
22
19
7
6
1
0
0
4
16.0
1
4.0
18
71
.318
.307
.360
.352
.364
.504
.318
.362
1
93.8
92.4
16
Graphs
457

Torrens, Luis
126
510
24.7
25
23
20
6
3
2
0
1
4
16.0
1
4.0
9
64
.261
.294
.280
.324
.478
.548
.316
.366
2
94.7
95.6
23
Graphs
458

Domínguez, Jasson
125
278
45.0
26
17
13
4
3
0
0
1
4
15.4
9
34.6
10
52
.235
.241
.500
.504
.412
.383
.419
.413
1
94.8
84.3
10
Graphs
459

Encarnacion, Jerar
120
490
24.5
29
26
14
4
1
1
0
2
12
41.4
3
10.3
16
56
.154
.208
.241
.290
.423
.414
.286
.305
3
94.3
99.5
13
Graphs
460

Grissom, Vaughn
119
443
26.9
28
25
20
9
7
2
0
0
5
17.9
2
7.1
10
58
.360
.343
.429
.413
.440
.457
.385
.383
2
94.4
90.7
23
Graphs
461

Amaya, Jacob
118
301
39.2
28
25
13
3
3
0
0
0
12
42.9
3
10.7
17
55
.120
.171
.214
.260
.120
.237
.168
.231
1
93.4
93.5
9
Graphs
462

Knizner, Andrew
118
360
32.8
30
29
18
5
5
0
0
0
11
36.7
1
3.3
25
68
.172
.227
.200
.253
.172
.284
.170
.235
0
94.4
89.1
20
Graphs
463

Schmitt, Casey
118
374
31.6
38
37
27
6
2
1
0
3
10
26.3
1
2.6
16
71
.162
.215
.184
.236
.432
.520
.259
.315
4
93.5
92.9
22
Graphs
464

DeLoach, Zach
117
298
39.3
26
21
12
2
0
2
0
0
9
34.6
5
19.2
13
63
.095
.159
.269
.321
.190
.209
.229
.262
0
94.6
92.8
3
Graphs
465

Nuñez, Nasim
117
327
35.8
22
16
12
2
2
0
0
0
4
18.2
6
27.3
11
55
.125
.255
.364
.468
.125
.340
.268
.379
0
93.8
91.3
2
Graphs
466

López, Jack
117
274
42.7
19
19
11
6
5
1
0
0
8
42.1
0
0.0
20
61
.316
.146
.316
.146
.368
.189
.298
.146
0
94.2
84.5
27
Graphs
467

Azocar, José
116
291
39.9
21
21
12
1
1
0
0
0
9
42.9
0
0.0
23
75
.048
.145
.048
.145
.048
.240
.042
.163
1
93.2
90.9
12
Graphs
468

Sweeney, Trey
115
448
25.7
29
26
17
8
6
2
0
0
9
31.0
3
10.3
14
56
.308
.194
.379
.278
.385
.287
.340
.256
0
94.6
93.8
26
Graphs
469

Crawford, Brandon
114
321
35.5
32
28
17
5
2
2
0
1
11
34.4
4
12.5
20
64
.179
.245
.281
.339
.357
.412
.284
.330
3
93.8
92.6
11
Graphs
470

Ramos, Bryan
114
418
27.3
27
24
17
4
2
0
0
2
7
25.9
2
7.4
18
60
.167
.225
.231
.284
.417
.449
.278
.316
2
93.0
91.3
20
Graphs
471

Allen, Nick
113
356
31.7
39
36
29
7
5
1
0
1
7
17.9
3
7.7
8
54
.194
.210
.256
.271
.306
.272
.251
.244
1
92.9
86.6
8
Graphs
472

Wilson, Jacob
112
349
32.1
37
31
30
11
10
0
1
0
1
2.7
6
16.2
3
59
.355
.332
.459
.441
.419
.395
.393
.376
0
93.7
87.7
13
Graphs
473

Thomas, Alek
111
372
29.8
23
20
15
7
2
3
1
1
5
21.7
3
13.0
10
49
.350
.374
.435
.456
.750
.819
.488
.523
3
94.2
97.3
18
Graphs
474

Clase, Jonatan
110
267
41.2
24
21
15
5
4
1
0
0
6
25.0
2
8.3
12
53
.238
.132
.333
.240
.286
.225
.287
.218
0
93.4
89.8
27
Graphs
475

Walsh, Jared
110
262
42.0
22
18
12
7
7
0
0
0
6
27.3
4
18.2
20
43
.389
.326
.500
.449
.389
.374
.406
.375
0
93.7
83.8
25
Graphs
476

Conine, Griffin
109
334
32.6
22
22
15
8
4
2
0
2
7
31.8
0
0.0
12
61
.364
.266
.364
.266
.727
.473
.461
.314
1
94.4
94.2
18
Graphs
477

Sogard, Nick
108
348
31.0
33
26
19
9
6
3
0
0
9
27.3
5
15.2
12
52
.346
.283
.424
.382
.462
.388
.379
.341
1
94.2
85.6
26
Graphs
478

Dingler, Dillon
108
331
32.6
31
29
17
4
1
2
0
1
12
38.7
2
6.5
18
62
.138
.222
.194
.273
.310
.484
.220
.322
2
94.0
90.8
24
Graphs
479

Johnson, Bryce
106
263
40.3
25
20
15
4
4
0
0
0
5
20.0
5
20.0
9
49
.200
.247
.360
.397
.200
.310
.279
.331
0
93.8
88.4
20
Graphs
480

Hurtubise, Jacob
106
281
37.7
28
22
16
2
2
0
0
0
6
21.4
5
17.9
7
44
.091
.173
.286
.350
.091
.260
.212
.293
0
93.7
81.2
23
Graphs
481

Del Castillo, Adrian
105
336
31.3
26
24
17
8
3
2
0
3
7
26.9
2
7.7
20
61
.333
.288
.385
.343
.792
.576
.488
.390
2
93.9
87.1
23
Graphs
482

Bae, Ji Hwan
105
313
33.5
23
20
10
1
0
1
0
0
10
43.5
3
13.0
22
55
.050
.121
.174
.236
.100
.261
.144
.231
2
94.7
91.2
6
Graphs
483

Vogelbach, Daniel
104
362
28.7
26
22
20
6
5
1
0
0
2
7.7
4
15.4
0
30
.273
.406
.385
.497
.318
.639
.324
.485
2
93.8
94.3
9
Graphs
484

Madrigal, Nick
104
358
29.1
23
21
19
7
5
2
0
0
2
8.7
2
8.7
3
52
.333
.325
.391
.384
.429
.386
.361
.342
0
95.2
87.3
0
Graphs
485

Gurriel, Yuli
102
281
36.3
22
18
15
2
1
1
0
0
4
18.2
3
13.6
7
52
.111
.249
.227
.372
.167
.334
.191
.331
1
94.8
92.4
7
Graphs
486

Williams, Alika
100
336
29.8
28
28
22
6
5
0
1
0
6
21.4
0
0.0
13
58
.214
.229
.214
.229
.286
.284
.214
.221
0
93.8
86.8
23
Graphs
487

Schunk, Aaron
99
371
26.7
21
19
7
1
0
0
0
1
12
57.1
2
9.5
23
58
.053
.105
.143
.190
.211
.276
.163
.206
1
94.7
89.0
18
Graphs
488

Wilson, Weston
97
379
25.6
36
33
26
12
6
4
1
1
7
19.4
3
8.3
12
51
.364
.254
.417
.316
.636
.426
.445
.322
3
94.7
91.5
21
Graphs
489

Serven, Brian
96
258
37.2
23
20
11
3
3
0
0
0
9
39.1
2
8.7
12
45
.150
.200
.261
.305
.150
.271
.206
.267
0
93.5
89.3
38
Graphs
490

Sanó, Miguel
96
402
23.9
18
13
10
4
3
0
0
1
4
22.2
4
22.2
14
42
.308
.314
.444
.450
.538
.547
.414
.418
1
93.0
94.2
11
Graphs
491

Wagaman, Eric
94
269
34.9
22
21
15
7
3
3
0
1
6
27.3
1
4.5
8
50
.333
.338
.364
.368
.619
.636
.416
.422
2
94.7
99.5
20
Graphs
492

Baddoo, Akil
94
318
29.6
31
27
18
3
1
1
0
1
10
32.3
3
9.7
14
46
.111
.188
.194
.275
.259
.511
.202
.333
3
95.0
92.8
30
Graphs
493

Millas, Drew
92
252
36.5
23
21
16
4
4
0
0
0
5
21.7
2
8.7
4
42
.190
.230
.261
.297
.190
.309
.213
.271
0
94.9
93.4
9
Graphs
494

Narváez, Omar
92
269
34.2
22
21
15
2
1
1
0
0
6
27.3
1
4.5
9
46
.095
.124
.136
.164
.143
.173
.128
.153
0
94.1
87.3
30
Graphs
495

Sánchez, Ali
91
338
26.9
24
23
13
4
3
1
0
0
10
41.7
1
4.2
12
47
.174
.160
.208
.195
.217
.192
.191
.175
0
94.2
87.5
20
Graphs
496

Fermín, José
89
324
27.5
29
23
23
4
3
1
0
0
0
0.0
5
17.2
0
41
.174
.259
.345
.412
.217
.333
.278
.346
0
94.6
84.0
15
Graphs
497

Robinson, Chuckie
89
298
29.9
22
20
12
3
3
0
0
0
8
36.4
1
4.5
20
57
.150
.178
.227
.252
.150
.231
.184
.224
0
94.0
78.7
13
Graphs
498

Paris, Kyren
89
234
38.0
23
17
10
3
1
1
0
1
7
30.4
5
21.7
12
43
.176
.229
.364
.404
.412
.508
.347
.393
2
94.0
94.3
21
Graphs
499

Bliss, Ryan
88
259
34.0
19
15
8
3
1
0
1
1
7
36.8
3
15.8
8
38
.200
.189
.368
.360
.533
.588
.385
.398
2
94.2
96.2
28
Graphs
500

Palacios, Joshua
87
307
28.3
21
17
13
2
1
0
0
1
4
19.0
3
14.3
7
37
.118
.194
.286
.348
.294
.379
.272
.328
1
94.0
91.2
23
Graphs
501

Madris, Bligh
86
275
31.3
21
19
16
4
3
1
0
0
3
14.3
2
9.5
13
51
.211
.216
.286
.290
.263
.447
.251
.316
3
94.3
91.1
33
Graphs
502

Westbrook, Jamie
86
200
43.0
24
19
9
2
0
2
0
0
10
41.7
4
16.7
14
36
.105
.183
.292
.353
.211
.343
.249
.320
1
94.3
90.6
13
Graphs
503

Black, Tyler
82
239
34.3
16
13
11
3
3
0
0
0
2
12.5
2
12.5
5
39
.231
.247
.375
.388
.231
.297
.296
.324
0
94.2
88.2
18
Graphs
504

Tucker, Cole
82
237
34.6
19
14
10
2
1
1
0
0
5
26.3
4
21.1
4
35
.143
.154
.316
.342
.214
.220
.258
.283
0
94.0
93.6
12
Graphs
505

Ford, Mike
81
229
35.4
23
23
20
3
3
0
0
0
3
13.0
0
0.0
7
47
.130
.183
.130
.183
.130
.234
.115
.181
0
94.3
85.6
26
Graphs
506

Haase, Eric
81
270
30.0
18
16
12
6
3
0
0
3
4
22.2
2
11.1
11
41
.375
.327
.444
.402
.938
.867
.565
.516
3
94.2
91.5
19
Graphs
507

Cabbage, Trey
81
336
24.1
19
17
11
4
2
2
0
0
6
31.6
2
10.5
11
44
.235
.174
.316
.261
.353
.395
.297
.284
2
94.4
95.9
11
Graphs
508

Luciano, Marco
81
325
24.9
22
21
10
6
4
1
1
0
11
50.0
1
4.5
10
35
.286
.245
.318
.280
.429
.348
.321
.275
0
95.4
98.0
13
Graphs
509

Ruiz, Esteury
81
246
32.9
19
15
14
4
2
1
1
0
3
15.8
2
10.5
6
38
.267
.235
.316
.322
.467
.380
.315
.337
1
92.8
85.8
19
Graphs
510

Kreidler, Ryan
80
263
30.4
16
13
11
2
2
0
0
0
2
12.5
3
18.8
12
41
.154
.215
.313
.362
.154
.270
.239
.301
0
94.3
88.4
23
Graphs
511

Pinto, René
79
185
42.7
20
17
10
4
1
2
0
1
8
40.0
2
10.0
19
41
.235
.126
.300
.232
.529
.425
.341
.306
3
92.9
95.8
40
Graphs
512

Moncada, Yoán
77
192
40.1
18
14
12
5
3
2
0
0
2
11.1
4
22.2
4
28
.357
.345
.500
.491
.500
.383
.439
.400
0
93.5
84.1
11
Graphs
513

Shewmake, Braden
73
214
34.1
26
25
22
2
1
1
0
0
3
11.5
1
3.8
5
37
.080
.167
.115
.199
.120
.256
.109
.199
1
93.3
88.1
27
Graphs
514

Campero, Gustavo
73
177
41.2
20
20
16
4
4
0
0
0
4
20.0
0
0.0
12
45
.200
.228
.200
.228
.200
.266
.176
.217
0
94.4
83.1
15
Graphs
515

Foscue, Justin
71
187
38.0
15
15
8
0
0
0
0
0
7
46.7
0
0.0
12
34
.000
.056
.000
.056
.000
.112
.000
.071
1
94.0
81.5
41
Graphs
516

Dezenzo, Zach
70
245
28.6
13
12
3
1
1
0
0
0
9
69.2
1
7.7
14
38
.083
.114
.154
.182
.083
.131
.121
.152
0
93.7
89.7
-5
Graphs
517

Baker, Luken
69
201
34.3
11
7
6
0
0
0
0
0
2
18.2
3
27.3
9
30
.000
.113
.273
.386
.000
.170
.188
.305
0
94.4
89.0
6
Graphs
518

Marchán, Rafael
68
195
34.9
21
19
16
5
1
4
0
0
3
14.3
2
9.5
5
29
.263
.298
.333
.365
.474
.408
.347
.344
1
95.0
87.4
24
Graphs
519

Vilade, Ryan
68
188
36.2
12
9
4
2
2
0
0
0
6
50.0
2
16.7
11
38
.222
.141
.333
.273
.222
.265
.262
.243
1
94.2
93.9
21
Graphs
520

Berroa, Steward
67
183
36.6
17
12
6
2
2
0
0
0
6
35.3
5
29.4
6
24
.167
.079
.412
.350
.167
.131
.306
.264
0
94.3
85.3
14
Graphs
521

Trejo, Alan
66
221
29.9
14
14
10
1
1
0
0
0
4
28.6
0
0.0
5
37
.071
.196
.071
.196
.071
.229
.063
.188
0
93.2
89.4
14
Graphs
522

Pereda, Jhonny
65
158
41.1
11
11
6
3
3
0
0
0
5
45.5
0
0.0
10
31
.273
.246
.273
.246
.273
.435
.240
.291
1
95.4
92.3
14
Graphs
523

Dahl, David
65
266
24.4
16
13
9
3
2
0
0
1
5
31.3
2
12.5
11
42
.231
.308
.313
.376
.462
.554
.324
.382
1
94.3
87.6
21
Graphs
524

Cook, Billy
65
184
35.3
12
12
8
3
1
1
0
1
4
33.3
0
0.0
16
38
.250
.262
.250
.262
.583
.649
.349
.381
2
93.8
99.2
39
Graphs
525

Reyes, Pablo
64
252
25.4
14
12
7
1
0
1
0
0
5
35.7
2
14.3
8
24
.083
.165
.214
.284
.167
.489
.188
.330
2
93.2
90.3
42
Graphs
526

Acuña, Luisangel
63
136
46.3
14
13
9
1
1
0
0
0
4
28.6
1
7.1
13
35
.077
.111
.143
.174
.077
.144
.112
.149
0
94.1
90.2
28
Graphs
527

Rosario, Eguy
63
226
27.9
20
19
14
5
1
3
0
1
5
25.0
1
5.0
7
34
.263
.236
.300
.274
.579
.484
.369
.322
3
93.2
95.1
19
Graphs
528

García, Avisaíl
62
186
33.3
18
17
13
6
5
1
0
0
4
22.2
1
5.6
10
43
.353
.311
.389
.350
.412
.376
.353
.323
0
93.3
85.9
11
Graphs
529

McCoy, Mason
61
232
26.3
10
9
6
1
1
0
0
0
3
30.0
1
10.0
10
29
.111
.208
.200
.288
.111
.263
.157
.252
0
94.6
85.4
27
Graphs
530

Zavala, Seby
59
171
34.5
13
10
6
0
0
0
0
0
4
30.8
3
23.1
6
24
.000
.098
.231
.306
.000
.256
.159
.271
0
94.2
97.1
37
Graphs
531

Saggese, Thomas
59
189
31.2
15
15
9
3
2
1
0
0
6
40.0
0
0.0
8
33
.200
.181
.200
.181
.267
.281
.201
.196
0
94.0
86.7
13
Graphs
532

Hinds, Rece
58
183
31.7
16
12
9
5
1
2
1
1
3
18.8
3
18.8
7
28
.417
.224
.563
.418
1.000
.485
.614
.398
1
94.9
89.8
23
Graphs
533

Shenton, Austin
58
212
27.4
14
11
7
1
1
0
0
0
4
28.6
3
21.4
9
26
.091
.095
.286
.289
.091
.128
.211
.222
0
95.9
82.4
23
Graphs
534

Adams, Jordyn
58
158
36.7
6
5
3
3
2
0
0
1
2
33.3
1
16.7
9
25
.600
.540
.667
.617
1.200
1.115
.750
.695
1
95.1
101.5
20
Graphs
535

Whitcomb, Shay
58
181
32.0
14
11
9
3
1
2
0
0
2
14.3
3
21.4
3
27
.273
.310
.429
.458
.455
.704
.390
.480
2
92.9
94.0
32
Graphs
536

Locklear, Tyler
57
196
29.1
9
6
1
0
0
0
0
0
5
55.6
2
22.2
8
24
.000
.002
.333
.335
.000
.002
.233
.234
0
94.8
68.5
60
Graphs
537

Williams, Luke
57
172
33.1
15
14
11
2
1
1
0
0
3
20.0
1
6.7
4
30
.143
.202
.200
.255
.214
.370
.188
.270
1
93.9
94.2
28
Graphs
538

Sanoja, Javier
55
118
46.6
13
12
11
1
1
0
0
0
1
7.7
1
7.7
4
33
.083
.232
.154
.291
.083
.283
.121
.261
0
94.1
84.4
8
Graphs
539

Hicks, Aaron
55
284
19.4
11
10
3
2
1
0
0
1
7
63.6
1
9.1
10
24
.200
.163
.273
.239
.500
.408
.329
.278
2
94.4
99.5
14
Graphs
540

Amador, Adael
54
119
45.4
19
18
13
5
4
1
0
0
5
26.3
1
5.3
9
33
.278
.202
.316
.246
.333
.302
.288
.242
1
95.3
84.3
25
Graphs
541

Ornelas, Jonathan
54
163
33.1
14
14
7
2
2
0
0
0
7
50.0
0
0.0
5
26
.143
.155
.143
.155
.143
.186
.126
.150
0
94.8
98.5
-3
Graphs
542

Romo, Drew
53
189
28.0
11
10
7
1
0
1
0
0
3
27.3
1
9.1
6
28
.100
.075
.182
.159
.200
.090
.177
.127
0
94.1
85.4
24
Graphs
543

Yorke, Nick
52
174
29.9
13
12
8
4
3
0
0
1
4
30.8
1
7.7
11
30
.333
.325
.385
.377
.583
.664
.414
.437
2
94.5
89.0
14
Graphs
544

Tromp, Chadwick
50
182
27.5
11
10
10
1
0
1
0
0
0
0.0
1
9.1
4
23
.100
.164
.182
.240
.200
.355
.177
.262
0
93.8
92.0
12
Graphs
545

Remillard, Zach
49
151
32.5
14
14
10
4
3
0
1
0
4
28.6
0
0.0
5
24
.286
.281
.286
.281
.429
.484
.303
.324
1
93.8
88.9
19
Graphs
546

Mayo, Coby
49
188
26.1
10
9
4
1
1
0
0
0
5
50.0
1
10.0
8
24
.111
.166
.200
.249
.111
.219
.157
.218
0
93.8
95.9
0
Graphs
547

Brooks, Trenton
48
110
43.6
15
13
10
0
0
0
0
0
3
20.0
2
13.3
7
24
.000
.110
.133
.228
.000
.232
.092
.215
1
94.4
84.5
14
Graphs
548

Alvarez, Armando
47
139
33.8
9
9
7
2
1
1
0
0
2
22.2
0
0.0
2
20
.222
.303
.222
.303
.333
.347
.237
.282
0
92.9
83.2
6
Graphs
549

Bote, David
47
162
29.0
18
18
13
7
6
1
0
0
5
27.8
0
0.0
6
27
.389
.253
.389
.253
.444
.333
.364
.252
0
93.8
91.8
25
Graphs
550

Hensley, David
47
250
18.8
12
10
6
3
2
0
0
1
4
33.3
2
16.7
7
21
.300
.217
.417
.347
.600
.463
.433
.350
1
93.8
95.8
22
Graphs
551

Jones, Jahmai
46
152
30.3
17
16
11
6
4
1
1
0
5
29.4
1
5.9
4
20
.375
.268
.412
.311
.563
.431
.415
.319
1
93.4
93.0
30
Graphs
552

Murphy, Tom
46
152
30.3
11
10
5
1
1
0
0
0
5
45.5
1
9.1
10
23
.100
.098
.182
.180
.100
.156
.143
.161
0
93.9
81.8
23
Graphs
553

Alvarez Jr., Nacho
45
119
37.8
12
11
4
0
0
0
0
0
7
58.3
0
0.0
8
19
.000
.073
.083
.150
.000
.104
.060
.129
0
95.5
82.4
23
Graphs
554

Wendzel, Davis
45
170
26.5
13
12
10
2
1
0
0
1
2
15.4
1
7.7
5
25
.167
.179
.231
.242
.417
.348
.278
.258
1
93.0
82.4
33
Graphs
555

Kessinger, Grae
43
115
37.4
10
9
7
0
0
0
0
0
2
20.0
1
10.0
8
24
.000
.128
.100
.215
.000
.268
.069
.215
0
94.2
89.6
26
Graphs
556

Wendle, Joey
43
134
32.1
10
10
7
1
1
0
0
0
3
30.0
0
0.0
2
14
.100
.221
.100
.221
.100
.323
.088
.234
0
93.4
89.7
13
Graphs
557

Sabol, Blake
43
124
34.7
12
10
6
1
0
1
0
0
4
33.3
2
16.7
5
21
.100
.188
.250
.323
.200
.542
.219
.365
2
94.3
92.9
28
Graphs
558

Goodrum, Niko
41
140
29.3
6
6
4
2
2
0
0
0
2
33.3
0
0.0
4
15
.333
.230
.333
.230
.333
.534
.294
.317
1
94.6
96.1
1
Graphs
559

Adrianza, Ehire
41
118
34.7
11
10
7
3
1
1
0
1
3
27.3
1
9.1
7
19
.300
.213
.364
.284
.700
.429
.443
.310
1
94.4
87.3
7
Graphs
560

Salazar, César
40
111
36.0
9
8
6
3
3
0
0
0
2
22.2
1
11.1
3
17
.375
.382
.444
.451
.375
.429
.370
.390
0
95.0
79.7
24
Graphs
561

McKinney, Billy
40
114
35.1
12
11
6
2
1
1
0
0
5
41.7
1
8.3
9
21
.182
.174
.250
.242
.273
.281
.235
.234
1
94.3
86.4
0
Graphs
562

Kennedy, Buddy
40
132
30.3
7
4
3
0
0
0
0
0
1
14.3
3
42.9
0
13
.000
.410
.429
.663
.000
.497
.295
.517
0
93.0
93.6
6
Graphs
563

White, Eli
38
160
23.8
8
7
4
2
2
0
0
0
3
37.5
1
12.5
4
19
.286
.150
.375
.256
.286
.168
.307
.207
0
94.1
93.1
8
Graphs
564

Wall, Forrest
38
129
29.5
12
10
6
2
2
0
0
0
4
33.3
2
16.7
7
20
.200
.223
.333
.352
.200
.258
.262
.287
0
95.0
94.7
6
Graphs
565

Villar, David
38
136
27.9
12
12
10
5
1
3
0
1
2
16.7
0
0.0
3
18
.417
.305
.417
.305
.917
.643
.558
.392
1
93.5
95.5
15
Graphs
566

Gray, Tristan
37
123
30.1
9
8
4
0
0
0
0
0
4
44.4
1
11.1
6
20
.000
.059
.111
.163
.000
.066
.077
.124
0
95.4
92.9
39
Graphs
567

Dunn, Blake
37
120
30.8
9
7
4
2
1
1
0
0
3
33.3
2
22.2
3
14
.286
.206
.444
.383
.429
.248
.390
.308
0
93.6
86.0
34
Graphs
568

Díaz, Aledmys
37
116
31.9
12
11
10
0
0
0
0
0
1
8.3
1
8.3
2
26
.000
.158
.083
.228
.000
.208
.057
.202
0
94.1
87.5
4
Graphs
569

Gasper, Mickey
37
92
40.2
6
5
4
0
0
0
0
0
1
16.7
1
16.7
1
10
.000
.256
.167
.380
.000
.312
.115
.323
0
94.3
95.8
13
Graphs
570

Canario, Alexander
36
101
35.6
12
11
6
2
2
0
0
0
5
41.7
1
8.3
8
21
.182
.178
.250
.246
.182
.263
.204
.230
1
93.7
81.4
12
Graphs
571

Collins, Isaac
36
87
41.4
5
4
1
0
0
0
0
0
3
60.0
1
20.0
7
14
.000
.000
.200
.200
.000
.000
.138
.138
0
94.4
83.2
69
Graphs
572

Hiura, Keston
36
93
38.7
7
7
1
1
1
0
0
0
6
85.7
0
0.0
9
17
.143
.083
.143
.083
.143
.094
.126
.078
0
93.7
107.4
4
Graphs
573

Rodriguez, Johnathan
35
175
20.0
11
7
4
1
1
0
0
0
3
27.3
4
36.4
3
12
.143
.119
.455
.440
.143
.135
.331
.321
0
93.4
96.8
6
Graphs
574

Leblanc, Charles
34
118
28.8
8
4
1
0
0
0
0
0
3
37.5
4
50.0
4
16
.000
.022
.500
.511
.000
.024
.345
.355
0
93.9
57.4
-24
Graphs
575

Vosler, Jason
34
120
28.3
10
10
7
2
2
0
0
0
3
30.0
0
0.0
4
19
.200
.210
.200
.210
.200
.467
.176
.282
1
93.7
95.1
10
Graphs
576

Ortega, Rafael
34
68
50.0
8
6
4
0
0
0
0
0
2
25.0
2
25.0
3
14
.000
.144
.250
.358
.000
.168
.172
.273
0
94.8
74.2
16
Graphs
577

Driscoll, Logan
32
130
24.6
5
4
4
0
0
0
0
0
1
20.0
0
0.0
6
15
.000
.221
.000
.202
.000
.414
.000
.263
1
94.9
98.0
13
Graphs
578

Peterson, Jace
32
102
31.4
7
5
5
1
1
0
0
0
0
0.0
2
28.6
1
11
.200
.390
.429
.565
.200
.423
.323
.452
0
95.4
85.3
-15
Graphs
579

Mervis, Matt
31
98
31.6
6
6
5
1
0
1
0
0
1
16.7
0
0.0
8
20
.167
.212
.167
.212
.333
.510
.209
.299
1
94.4
96.2
37
Graphs
580

Colás, Oscar
31
144
21.5
5
3
2
0
0
0
0
0
1
20.0
2
40.0
4
13
.000
.037
.400
.422
.000
.040
.276
.296
0
94.0
73.0
-11
Graphs
581

Walton, Donovan
31
96
32.3
6
3
1
0
0
0
0
0
2
33.3
2
33.3
0
11
.000
.140
.500
.570
.000
.306
.350
.445
0
94.6
102.3
19
Graphs
582

Wiemer, Joey
30
109
27.5
3
3
2
0
0
0
0
0
1
33.3
0
0.0
2
12
.000
.150
.000
.150
.000
.188
.000
.140
0
94.7
83.1
-13
Graphs
583

Stevenson, Cal
30
102
29.4
5
4
4
0
0
0
0
0
0
0.0
1
20.0
1
10
.000
.212
.200
.369
.000
.589
.138
.401
1
93.9
86.0
43
Graphs
584

Miller, Owen
29
103
28.2
8
8
7
3
2
1
0
0
1
12.5
0
0.0
2
13
.375
.284
.375
.284
.500
.380
.377
.285
0
94.3
93.0
-12
Graphs
585

Misner, Kameron
28
65
43.1
7
7
1
1
1
0
0
0
6
85.7
0
0.0
6
11
.143
.139
.143
.139
.143
.157
.126
.129
0
94.4
88.0
16
Graphs
586

Wynns, Austin
28
75
37.3
8
8
7
3
2
1
0
0
1
12.5
0
0.0
2
17
.375
.351
.375
.351
.500
.459
.377
.352
0
94.5
91.0
18
Graphs
587

Pauley, Graham
27
140
19.3
7
7
6
0
0
0
0
0
1
14.3
0
0.0
1
16
.000
.245
.000
.245
.000
.471
.000
.303
0
94.2
89.4
20
Graphs
588

De Los Santos, Luis
26
121
21.5
5
4
3
0
0
0
0
0
1
20.0
1
20.0
2
10
.000
.205
.200
.364
.000
.256
.138
.300
0
94.7
83.6
-14
Graphs
589

Blankenhorn, Travis
25
122
20.5
7
7
4
1
0
1
0
0
3
42.9
0
0.0
4
15
.143
.075
.143
.075
.286
.161
.179
.100
0
94.6
95.0
39
Graphs
590

McKenna, Ryan
24
52
46.2
9
8
6
1
0
0
0
1
2
22.2
1
11.1
1
12
.125
.108
.222
.207
.500
.189
.304
.185
1
93.1
86.1
45
Graphs
591

Soto, Livan
24
66
36.4
6
4
3
0
0
0
0
0
1
16.7
2
33.3
1
8
.000
.227
.333
.485
.000
.467
.230
.426
1
94.9
92.1
6
Graphs
592

Waters, Drew
23
94
24.5
4
2
1
0
0
0
0
0
1
25.0
2
50.0
2
6
.000
.053
.500
.527
.000
.057
.345
.369
0
94.7
74.2
-40
Graphs
593

Teodosio, Bryce
23
43
53.5
7
7
3
1
1
0
0
0
4
57.1
0
0.0
8
14
.143
.122
.143
.122
.143
.140
.126
.110
0
93.6
68.7
15
Graphs
594

Narvaez, Carlos
22
68
32.4
4
4
1
1
1
0
0
0
3
75.0
0
0.0
5
10
.250
.184
.250
.184
.250
.232
.220
.184
0
92.9
108.2
9
Graphs
595

Sullivan, Brett
21
49
42.9
7
6
5
1
0
0
0
1
1
14.3
1
14.3
2
13
.167
.105
.286
.233
.667
.323
.391
.248
1
94.6
91.4
52
Graphs
596

Heineman, Tyler
21
61
34.4
5
3
2
0
0
0
0
0
1
20.0
2
40.0
1
11
.000
.105
.400
.463
.000
.287
.276
.373
0
94.2
94.0
31
Graphs
597

Reetz, Jakson
20
49
40.8
8
7
4
0
0
0
0
0
3
37.5
1
12.5
5
13
.000
.050
.125
.169
.000
.147
.086
.156
0
93.6
83.8
27
Graphs
598

Thompson, Bubba
19
77
24.7
4
4
2
1
0
1
0
0
2
50.0
0
0.0
4
11
.250
.265
.250
.265
.500
.313
.314
.251
0
94.2
93.3
-2
Graphs
599

Duffy, Matt
19
31
61.3
6
3
3
1
1
0
0
0
0
0.0
2
33.3
1
6
.333
.424
.667
.712
.333
.508
.497
.553
0
94.4
99.9
29
Graphs
600

León, Pedro
19
90
21.1
4
4
1
0
0
0
0
0
3
75.0
0
0.0
2
6
.000
.009
.000
.009
.000
.010
.000
.008
0
92.3
79.8
54
Graphs
601

Haggerty, Sam
19
59
32.2
6
5
4
0
0
0
0
0
1
16.7
1
16.7
4
11
.000
.187
.167
.323
.000
.235
.115
.267
0
92.9
78.7
-23
Graphs
602

Keirsey Jr., DaShawn
18
50
36.0
7
7
7
2
1
0
0
1
0
0.0
0
0.0
2
14
.286
.322
.286
.322
.714
.683
.419
.422
2
94.6
91.4
14
Graphs
603

Trammell, Taylor
18
37
48.6
3
3
2
0
0
0
0
0
1
33.3
0
0.0
4
12
.000
.016
.000
.016
.000
.020
.000
.016
0
92.4
72.3
64
Graphs
604

Garrett, Stone
18
31
58.1
4
3
3
1
1
0
0
0
0
0.0
1
25.0
2
10
.333
.449
.500
.587
.333
.552
.393
.494
0
91.8
95.0
20
Graphs
605

Peraza, Oswald
17
40
42.5
4
3
2
1
1
0
0
0
1
25.0
1
25.0
2
6
.333
.401
.500
.550
.333
.460
.393
.461
0
94.4
98.8
0
Graphs
606

Delay, Jason
17
50
34.0
7
4
4
1
0
1
0
0
0
0.0
3
42.9
1
8
.250
.170
.571
.526
.500
.255
.475
.400
0
94.8
86.4
36
Graphs
607

Feduccia, Hunter
17
57
29.8
2
2
2
1
1
0
0
0
0
0.0
0
0.0
3
6
.500
.213
.500
.213
.500
.282
.441
.209
0
92.7
81.3
16
Graphs
608

Vazquez, Luis
16
51
31.4
3
3
1
0
0
0
0
0
2
66.7
0
0.0
4
9
.000
.219
.000
.219
.000
.247
.000
.207
0
94.9
103.3
7
Graphs
609

Alvarez, Eddy
16
54
29.6
5
5
5
0
0
0
0
0
0
0.0
0
0.0
0
8
.000
.283
.000
.283
.000
.324
.000
.259
0
94.6
93.4
8
Graphs
610

Capel, Conner
16
25
64.0
5
5
5
2
2
0
0
0
0
0.0
0
0.0
1
10
.400
.289
.400
.289
.400
.367
.353
.285
0
94.6
88.5
17
Graphs
611

Jones, Greg
15
29
51.7
4
3
0
0
0
0
0
0
3
75.0
1
25.0
3
7
.000
--
.250
.250
.000
--
.172
.172
0
93.9
--
--
Graphs
612

Kemp, Tony
15
37
40.5
3
3
3
0
0
0
0
0
0
0.0
0
0.0
0
7
.000
.131
.000
.131
.000
.269
.000
.165
0
94.5
88.6
8
Graphs
613

Barrosa, Jorge
15
62
24.2
3
3
2
1
1
0
0
0
1
33.3
0
0.0
1
7
.333
.277
.333
.277
.333
.318
.294
.255
0
94.5
79.7
13
Graphs
614

Knapp, Andrew
15
25
60.0
3
3
2
0
0
0
0
0
1
33.3
0
0.0
6
9
.000
.152
.000
.152
.000
.169
.000
.139
0
94.9
98.7
23
Graphs
615

Koch, Grant
14
49
28.6
2
2
0
0
0
0
0
0
2
100.0
0
0.0
2
12
.000
--
.000
--
.000
--
.000
.000
0
94.3
--
--
Graphs
616

Brantly, Rob
14
34
41.2
4
4
4
1
1
0
0
0
0
0.0
0
0.0
0
10
.250
.352
.250
.352
.250
.835
.220
.502
1
93.5
99.6
33
Graphs
617

Helman, Michael
13
28
46.4
3
3
3
1
0
1
0
0
0
0.0
0
0.0
2
5
.333
.252
.333
.252
.667
.341
.418
.252
0
93.8
96.7
28
Graphs
618

Lockridge, Brandon
13
46
28.3
2
2
0
0
0
0
0
0
2
100.0
0
0.0
2
7
.000
--
.000
--
.000
--
.000
.000
0
95.1
--
--
Graphs
619

Martínez, J.P.
12
42
28.6
2
2
1
0
0
0
0
0
1
50.0
0
0.0
3
9
.000
.043
.000
.043
.000
.044
.000
.038
0
94.5
61.2
50
Graphs
620

Baker, Darren
12
39
30.8
3
3
2
1
1
0
0
0
1
33.3
0
0.0
2
4
.333
.156
.333
.156
.333
.210
.294
.165
0
95.5
93.1
14
Graphs
621

Castillo, Diego A.
11
36
30.6
3
3
2
0
0
0
0
0
1
33.3
0
0.0
1
3
.000
.069
.000
.069
.000
.078
.000
.063
0
95.5
76.0
-10
Graphs
622

Ríos, Edwin
11
40
27.5
2
2
2
1
1
0
0
0
0
0.0
0
0.0
2
6
.500
.477
.500
.477
.500
.533
.441
.439
0
95.2
71.7
18
Graphs
623

Garcia, Aramis
11
36
30.6
3
3
2
0
0
0
0
0
1
33.3
0
0.0
3
8
.000
.089
.000
.089
.000
.187
.000
.114
0
95.2
101.3
7
Graphs
624

Fabian, Sandro
11
21
52.4
4
4
4
0
0
0
0
0
0
0.0
0
0.0
1
9
.000
.136
.000
.136
.000
.373
.000
.213
1
92.1
77.7
46
Graphs
625

Huff, Sam
10
21
47.6
1
1
0
0
0
0
0
0
1
100.0
0
0.0
2
7
.000
--
.000
--
.000
--
.000
.000
0
93.3
--
--
Graphs
626

Camargo, Jair
10
28
35.7
1
0
0
0
0
0
0
0
0
0.0
1
100.0
1
4
--
--
1.000
1.000
--
--
.689
.689
0
94.4
--
--
Graphs
627

Fletcher, David
10
27
37.0
4
4
3
0
0
0
0
0
1
25.0
0
0.0
0
6
.000
.054
.000
.054
.000
.064
.000
.051
0
92.5
84.2
32
Graphs
628

Peguero, Liover
9
46
19.6
4
4
3
1
0
1
0
0
1
25.0
0
0.0
1
7
.250
.350
.250
.350
.500
.507
.314
.369
0
95.8
96.4
10
Graphs
629

Jordan, Levi
9
40
22.5
3
2
3
0
0
0
0
0
0
0.0
0
0.0
0
5
.000
.100
.000
.067
.000
.106
.000
.061
0
92.9
89.2
2
Graphs
630

Maton, Nick
9
28
32.1
1
1
1
0
0
0
0
0
0
0.0
0
0.0
1
4
.000
.006
.000
.006
.000
.006
.000
.005
0
94.9
89.0
40
Graphs
631

Anderson, Brian
8
15
53.3
2
2
2
0
0
0
0
0
0
0.0
0
0.0
0
4
.000
.816
.000
.816
.000
1.624
.000
1.030
1
91.6
103.8
16
Graphs
632

Marlowe, Cade
7
34
20.6
2
2
1
1
1
0
0
0
1
50.0
0
0.0
2
5
.500
.247
.500
.247
.500
.267
.441
.223
0
95.2
81.6
12
Graphs
633

Yang, Eric
6
7
85.7
--
--
0
--
--
--
--
--
--
--
--
--
2
3
--
--
--
--
--
--
--
--
0
94.5
--
--
Graphs
634

Alexander, CJ
5
28
17.9
1
1
1
0
0
0
0
0
0
0.0
0
0.0
0
1
.000
.446
.000
.446
.000
1.200
.000
.676
1
93.0
98.0
26
Graphs
635

Harris, Dustin
5
23
21.7
2
1
0
0
0
0
0
0
1
50.0
1
50.0
1
1
.000
--
.500
.500
.000
--
.345
.345
0
94.2
--
--
Graphs
636

Hicklen, Brewer
5
29
17.2
1
1
0
0
0
0
0
0
1
100.0
0
0.0
1
3
.000
--
.000
--
.000
--
.000
.000
0
93.0
--
--
Graphs
637

Ellis, Duke
5
23
21.7
1
1
1
1
1
0
0
0
0
0.0
0
0.0
1
4
1.000
.983
1.000
.983
1.000
1.032
.882
.889
0
93.7
69.5
24
Graphs
638

Hummel, Cooper
5
23
21.7
--
--
0
--
--
--
--
--
--
--
--
--
1
3
--
--
--
--
--
--
--
--
0
95.5
--
--
Graphs
639

Capra, Vinny
4
32
12.5
2
2
2
1
0
1
0
0
0
0.0
0
0.0
0
3
.500
.170
.500
.170
1.000
.263
.627
.184
0
93.4
89.8
9
Graphs
640

Taylor, Samad
4
14
28.6
1
1
0
0
0
0
0
0
1
100.0
0
0.0
3
4
.000
--
.000
--
.000
--
.000
.000
0
92.2
--
--
Graphs
641

McGough, Scott
4
4
100.0
1
1
0
0
0
0
0
0
1
100.0
0
0.0
0
1
.000
--
.000
--
.000
--
.000
.000
0
95.0
--
--
Graphs
642

Gentry, Tyler
3
20
15.0
--
--
0
--
--
--
--
--
--
--
--
--
1
1
--
--
--
--
--
--
--
--
0
91.5
--
--
Graphs
643

Castillo, Luis
3
3
100.0
1
1
0
0
0
0
0
0
1
100.0
0
0.0
0
0
.000
--
.000
--
.000
--
.000
.000
0
91.8
--
--
Graphs
644

Devers, José
3
18
16.7
--
--
0
--
--
--
--
--
--
--
--
--
1
2
--
--
--
--
--
--
--
--
0
98.3
--
--
Graphs
645

Alcántara, Kevin
2
26
7.7
1
1
1
0
0
0
0
0
0
0.0
0
0.0
0
1
.000
.517
.000
.517
.000
.575
.000
.484
0
90.2
106.9
1
Graphs
646

Martinez, Orelvis
2
11
18.2
--
--
0
--
--
--
--
--
--
--
--
--
0
0
--
--
--
--
--
--
--
--
0
92.7
--
--
Graphs
647

Straw, Myles
2
14
14.3
--
--
0
--
--
--
--
--
--
--
--
--
0
1
--
--
--
--
--
--
--
--
0
95.4
--
--
Graphs
648

Roller, Chris
1
6
16.7
1
1
0
0
0
0
0
0
1
100.0
0
0.0
1
1
.000
--
.000
--
.000
--
.000
.000
0
96.7
--
--
Graphs
649

Batten, Matthew
1
11
9.1
--
--
0
--
--
--
--
--
--
--
--
--
1
1
--
--
--
--
--
--
--
--
0
90.7
--
--
Graphs
