1

India, Jonathan
572
2652
21.6
137
117
104
37
26
7
0
4
14
10.2
16
11.7
32
215
.316
.366
.409
.455
.479
.580
.388
.444
11
89.4
90.8
13
Graphs
2

McMahon, Ryan
545
2723
20.0
109
89
66
23
13
5
0
5
24
22.0
17
15.6
47
232
.258
.265
.385
.393
.483
.435
.377
.367
5
89.8
93.1
11
Graphs
3

Schwarber, Kyle
535
2852
18.8
128
101
85
32
18
6
0
8
19
14.8
22
17.2
52
211
.317
.296
.438
.425
.614
.630
.441
.440
13
89.7
93.8
12
Graphs
4

Henderson, Gunnar
521
2896
18.0
122
106
87
34
21
8
1
4
19
15.6
15
12.3
41
214
.321
.283
.410
.377
.528
.414
.405
.350
7
89.7
91.3
5
Graphs
5

Arraez, Luis
509
2416
21.1
145
137
132
41
31
5
2
3
5
3.4
7
4.8
14
248
.299
.301
.338
.339
.431
.415
.334
.329
4
89.6
87.0
10
Graphs
6

Profar, Jurickson
504
2739
18.4
99
81
74
24
17
4
0
3
7
7.1
17
17.2
23
195
.296
.303
.424
.430
.457
.484
.390
.401
5
89.7
90.3
16
Graphs
7

Adames, Willy
503
2733
18.4
132
116
87
30
15
7
0
8
29
22.0
16
12.1
58
250
.259
.241
.348
.333
.526
.493
.374
.355
13
89.8
89.3
27
Graphs
8

De La Cruz, Elly
501
2751
18.2
123
109
80
32
16
7
2
7
30
24.4
13
10.6
66
234
.294
.276
.366
.351
.587
.560
.401
.385
14
89.7
92.1
9
Graphs
9

Springer, George
499
2304
21.7
120
95
76
22
17
3
2
0
20
16.7
23
19.2
58
215
.232
.264
.383
.409
.305
.377
.321
.356
4
89.4
90.0
7
Graphs
10

Volpe, Anthony
495
2797
17.7
131
116
95
29
20
5
1
3
22
16.8
13
9.9
43
239
.250
.291
.323
.360
.388
.438
.312
.348
8
89.8
87.8
11
Graphs
11

Winn, Masyn
495
2558
19.4
115
105
89
29
15
9
2
3
17
14.8
8
7.0
32
221
.276
.274
.330
.332
.486
.386
.349
.317
2
89.9
88.4
18
Graphs
12

Chapman, Matt
495
2706
18.3
119
103
80
23
13
6
0
4
23
19.3
14
11.8
51
226
.223
.233
.328
.337
.398
.396
.322
.324
10
89.6
93.6
17
Graphs
13

Nimmo, Brandon
491
2747
17.9
127
115
99
35
22
7
0
6
16
12.6
9
7.1
33
229
.304
.345
.370
.407
.522
.604
.385
.430
14
89.8
95.2
11
Graphs
14

Soto, Juan
491
2960
16.6
119
99
90
32
10
7
3
12
10
8.4
19
16.0
31
193
.323
.392
.429
.491
.818
.879
.505
.561
24
89.7
94.9
12
Graphs
15

Duran, Jarren
487
2844
17.1
118
102
85
33
22
8
0
3
18
15.3
13
11.0
43
209
.324
.322
.407
.406
.490
.508
.390
.395
6
89.8
91.4
5
Graphs
16

Santander, Anthony
487
2738
17.8
115
102
80
28
16
5
0
7
22
19.1
13
11.3
46
224
.275
.238
.357
.325
.529
.454
.380
.336
11
89.8
91.0
23
Graphs
17

Olson, Matt
487
2947
16.5
122
106
87
30
15
8
1
6
20
16.4
10
8.2
47
248
.283
.293
.369
.385
.547
.533
.391
.401
12
89.8
93.9
15
Graphs
18

Semien, Marcus
482
2626
18.4
118
109
104
32
19
6
0
7
5
4.2
9
7.6
20
210
.294
.312
.347
.366
.541
.568
.380
.396
12
89.5
90.3
17
Graphs
19

Steer, Spencer
481
2621
18.4
113
90
76
24
13
5
1
5
14
12.4
20
17.7
44
216
.267
.279
.416
.426
.511
.458
.403
.391
6
89.7
88.8
15
Graphs
20

Lindor, Francisco
480
2713
17.7
115
101
94
30
14
7
0
9
7
6.1
10
8.7
27
213
.297
.341
.383
.421
.634
.721
.429
.476
20
89.8
93.2
21
Graphs
21

Giménez, Andrés
476
2400
19.8
113
103
92
27
21
3
0
3
13
11.5
4
3.5
45
242
.262
.248
.310
.307
.379
.360
.301
.303
4
89.6
86.7
9
Graphs
22

Tovar, Ezequiel
475
2528
18.8
111
105
79
27
13
6
0
8
27
24.3
3
2.7
65
260
.257
.259
.288
.295
.543
.496
.350
.342
11
89.5
90.0
24
Graphs
23

Donovan, Brendan
469
2487
18.9
118
106
98
34
24
6
1
3
9
7.6
10
8.5
14
196
.321
.308
.381
.372
.481
.480
.373
.368
5
89.8
90.1
9
Graphs
24

Cronenworth, Jake
468
2752
17.0
114
106
94
19
12
3
0
4
12
10.5
5
4.4
23
222
.179
.270
.237
.321
.321
.502
.247
.351
9
89.8
89.2
17
Graphs
25

Torres, Gleyber
467
2821
16.6
102
89
72
29
20
3
0
6
18
17.6
12
11.8
52
229
.326
.264
.402
.348
.562
.450
.411
.345
7
89.7
89.1
19
Graphs
26

Goldschmidt, Paul
467
2719
17.2
102
94
74
23
14
5
0
4
20
19.6
8
7.8
49
239
.245
.264
.304
.322
.426
.494
.317
.349
10
89.7
88.5
11
Graphs
27

Alonso, Pete
461
2780
16.6
118
103
89
29
13
9
0
7
14
11.9
14
11.9
20
181
.282
.304
.373
.393
.573
.625
.402
.428
14
89.6
92.8
18
Graphs
28

Ohtani, Shohei
459
2838
16.2
113
99
87
36
22
4
2
8
13
11.5
11
9.7
46
210
.364
.367
.429
.433
.687
.742
.467
.488
15
89.8
96.2
17
Graphs
29

Paredes, Isaac
459
2853
16.1
101
87
75
22
10
11
0
1
13
12.9
12
11.9
27
210
.253
.217
.347
.321
.414
.329
.333
.296
1
89.6
86.4
21
Graphs
30

Greene, Riley
457
2415
18.9
105
89
79
38
17
11
3
7
10
9.5
15
14.3
26
189
.427
.370
.514
.466
.854
.723
.562
.495
11
89.7
93.0
16
Graphs
31

Ozuna, Marcell
454
2875
15.8
99
84
69
34
19
6
0
9
15
15.2
15
15.2
57
207
.405
.360
.495
.457
.798
.776
.536
.507
14
89.6
92.2
13
Graphs
32

Chisholm Jr., Jazz
453
2495
18.2
101
93
76
30
20
2
0
8
17
16.8
8
7.9
54
221
.323
.297
.376
.353
.602
.573
.416
.392
10
89.9
90.1
9
Graphs
33

Vierling, Matt
449
2312
19.4
103
93
78
31
17
8
0
6
15
14.6
10
9.7
26
175
.333
.322
.398
.387
.613
.533
.429
.396
8
89.9
90.4
17
Graphs
34

García, Adolis
446
2534
17.6
99
87
73
31
18
8
0
5
14
14.1
11
11.1
51
195
.356
.291
.434
.377
.621
.511
.449
.382
9
89.9
92.1
14
Graphs
35

Turner, Justin
445
2320
19.2
103
87
82
29
19
6
0
4
5
4.9
13
12.6
17
193
.333
.356
.437
.456
.540
.619
.423
.458
9
89.8
88.5
15
Graphs
36

Verdugo, Alex
443
2342
18.9
119
103
91
20
15
4
0
1
12
10.1
15
12.6
30
192
.194
.233
.303
.337
.262
.340
.263
.306
3
89.6
87.7
15
Graphs
37

Contreras, William
442
2677
16.5
130
107
95
31
19
10
0
2
14
10.8
20
15.4
39
197
.290
.343
.400
.444
.439
.620
.368
.448
12
89.8
93.7
11
Graphs
38

Schanuel, Nolan
441
2356
18.7
107
95
82
25
16
5
0
4
13
12.1
10
9.3
18
190
.263
.257
.346
.340
.442
.402
.345
.327
5
89.9
86.0
14
Graphs
39

Bohm, Alec
439
2122
20.7
132
119
106
30
18
6
1
5
15
11.4
11
8.3
30
211
.252
.309
.311
.369
.445
.495
.324
.375
10
89.6
90.4
14
Graphs
40

Ward, Taylor
437
2599
16.8
104
87
70
19
15
2
0
2
19
18.3
13
12.5
42
185
.218
.265
.327
.369
.310
.446
.291
.358
7
89.8
92.2
18
Graphs
41

Garcia, Maikel
435
2360
18.4
120
112
103
26
18
6
2
0
10
8.3
7
5.8
19
180
.232
.276
.275
.319
.321
.403
.262
.317
4
89.8
90.9
9
Graphs
42

Ramírez, José
434
2735
15.9
94
87
78
26
10
9
0
7
10
10.6
6
6.4
31
216
.299
.296
.340
.339
.644
.570
.411
.383
10
89.7
88.9
25
Graphs
43

Lowe, Nathaniel
429
2356
18.2
97
83
70
26
21
1
1
3
14
14.4
13
13.4
23
181
.313
.247
.402
.350
.458
.374
.376
.327
4
90.0
88.9
11
Graphs
44

Turang, Brice
429
2470
17.4
96
82
73
18
12
3
0
3
9
9.4
14
14.6
16
200
.220
.293
.333
.397
.366
.423
.314
.363
4
89.7
88.6
4
Graphs
45

Varsho, Daulton
426
2048
20.8
97
88
74
22
14
4
0
4
15
15.5
7
7.2
40
193
.250
.191
.309
.256
.432
.339
.321
.261
5
89.5
84.6
30
Graphs
46

Arozarena, Randy
425
2774
15.3
100
85
64
25
16
7
0
2
22
22.0
10
10.0
40
159
.294
.255
.390
.358
.447
.455
.368
.356
5
89.8
92.5
12
Graphs
47

Happ, Ian
423
2721
15.5
97
81
70
24
12
7
0
5
12
12.4
15
15.5
35
190
.296
.281
.402
.394
.568
.534
.412
.401
8
89.8
94.0
17
Graphs
48

Altuve, Jose
420
2454
17.1
110
101
92
36
29
4
0
3
9
8.2
8
7.3
28
204
.356
.312
.409
.368
.485
.482
.391
.368
6
89.9
89.2
15
Graphs
49

Díaz, Yandy
419
2460
17.0
94
86
70
30
22
7
0
1
17
18.1
6
6.4
24
166
.349
.314
.394
.367
.465
.424
.373
.349
6
89.8
95.1
4
Graphs
50

Arenado, Nolan
417
2452
17.0
92
88
85
25
21
2
0
2
3
3.3
2
2.2
21
192
.284
.286
.315
.317
.375
.384
.304
.307
1
89.8
86.4
15
Graphs
51

Devers, Rafael
417
2375
17.6
95
83
69
19
11
5
0
3
16
16.8
8
8.4
50
197
.229
.282
.305
.352
.398
.454
.306
.349
5
90.0
86.5
8
Graphs
52

Kwan, Steven
416
2165
19.2
100
87
84
27
22
4
0
1
3
3.0
13
13.0
4
153
.310
.309
.400
.399
.391
.412
.354
.361
2
89.7
85.6
17
Graphs
53

Rutschman, Adley
414
2593
16.0
97
84
76
24
14
5
0
5
9
9.3
10
10.3
22
185
.286
.295
.371
.380
.524
.490
.383
.377
7
90.1
88.2
20
Graphs
54

Freeman, Freddie
414
2522
16.4
113
99
84
28
15
5
1
7
17
15.0
11
9.7
39
206
.283
.268
.354
.344
.566
.512
.387
.368
8
89.7
88.4
17
Graphs
55

Harper, Bryce
414
2469
16.8
94
84
78
35
24
4
0
7
6
6.4
10
10.6
31
202
.417
.377
.479
.444
.714
.653
.504
.464
8
89.6
94.1
13
Graphs
56

Guerrero Jr., Vladimir
412
2602
15.8
107
97
80
36
21
10
0
5
17
15.9
10
9.3
37
177
.371
.285
.430
.352
.629
.466
.450
.354
10
89.8
93.0
9
Graphs
57

Carroll, Corbin
412
2648
15.6
100
82
69
20
9
5
3
3
15
15.0
11
11.0
28
165
.244
.261
.360
.383
.488
.466
.363
.378
5
89.8
90.3
19
Graphs
58

Machado, Manny
410
2387
17.2
107
101
90
27
19
4
0
4
11
10.3
6
5.6
30
200
.267
.296
.308
.335
.426
.489
.319
.353
7
89.6
94.8
12
Graphs
59

Doyle, Brenton
409
2158
19.0
121
108
89
26
16
6
0
4
19
15.7
12
9.9
40
218
.241
.295
.322
.371
.407
.544
.321
.391
11
89.5
90.2
12
Graphs
60

Peña, Jeremy
409
2272
18.0
124
113
98
35
24
7
1
3
16
12.9
3
2.4
35
208
.310
.338
.363
.389
.469
.532
.361
.396
8
89.8
91.4
13
Graphs
61

Castro, Willi
409
2509
16.3
94
80
68
23
14
6
1
2
13
13.8
11
11.7
43
207
.287
.288
.383
.393
.463
.521
.368
.404
6
89.8
89.4
13
Graphs
62

Smith, Josh
409
2327
17.6
96
83
72
20
14
4
0
2
12
12.5
8
8.3
28
184
.241
.279
.333
.366
.361
.383
.311
.334
1
89.5
89.2
20
Graphs
63

Bregman, Alex
409
2393
17.1
122
110
97
30
18
8
0
4
15
12.3
9
7.4
17
187
.273
.286
.328
.344
.455
.483
.336
.359
6
89.8
91.8
20
Graphs
64

Reynolds, Bryan
407
2604
15.6
105
96
80
25
21
1
0
3
17
16.2
8
7.6
45
209
.260
.296
.314
.350
.365
.472
.299
.357
4
89.4
91.8
14
Graphs
65

Chourio, Jackson
407
2103
19.4
104
94
82
29
19
8
0
2
12
11.5
9
8.7
37
176
.309
.317
.375
.383
.457
.493
.364
.380
7
89.7
90.3
10
Graphs
66

Schneider, Davis
402
1974
20.4
95
83
61
23
11
5
1
6
22
23.2
12
12.6
47
169
.277
.274
.368
.366
.578
.577
.401
.399
11
89.7
92.2
25
Graphs
67

Stott, Bryson
399
2307
17.3
96
86
79
22
17
3
1
1
8
8.3
9
9.4
23
171
.256
.318
.323
.382
.349
.456
.298
.366
2
89.8
89.4
16
Graphs
68

Blackmon, Charlie
399
1920
20.8
99
89
80
27
17
6
1
3
10
10.1
7
7.1
22
180
.303
.309
.364
.370
.494
.447
.369
.356
6
89.9
82.7
16
Graphs
69

Bell, Josh
399
2238
17.8
99
91
74
23
12
8
0
3
17
17.2
6
6.1
40
185
.253
.249
.313
.310
.440
.386
.327
.305
3
90.0
89.9
14
Graphs
70

Hoerner, Nico
397
2314
17.2
103
90
83
29
22
6
0
1
7
6.8
12
11.7
14
169
.322
.316
.408
.403
.422
.405
.369
.361
2
89.7
86.4
8
Graphs
71

Frelick, Sal
395
2046
19.3
104
90
82
27
20
4
2
1
8
7.7
12
11.5
15
149
.300
.292
.382
.377
.422
.372
.354
.336
1
89.6
86.4
12
Graphs
72

Alvarez, Yordan
394
2264
17.4
110
100
92
37
18
10
1
8
9
8.2
8
7.3
23
180
.370
.350
.418
.403
.730
.752
.479
.477
16
89.7
96.0
22
Graphs
73

Thomas, Lane
391
2080
18.8
96
86
73
23
16
4
0
3
14
14.6
9
9.4
24
173
.267
.288
.333
.360
.419
.453
.328
.364
6
89.5
89.1
17
Graphs
74

Crawford, J.P.
387
1911
20.3
92
82
73
22
15
3
0
4
9
9.8
8
8.7
17
148
.268
.270
.348
.350
.451
.411
.349
.336
4
89.6
88.4
18
Graphs
75

Rodgers, Brendan
385
2079
18.5
102
96
86
33
22
6
0
5
10
9.8
6
5.9
28
194
.344
.317
.382
.357
.563
.507
.405
.371
7
89.5
88.7
5
Graphs
76

Arcia, Orlando
382
2332
16.4
99
91
81
24
11
6
0
7
11
11.1
5
5.1
31
189
.264
.265
.313
.317
.560
.458
.368
.335
6
89.9
90.9
14
Graphs
77

Soler, Jorge
382
2361
16.2
89
78
69
17
10
4
0
3
11
12.4
9
10.1
39
172
.218
.255
.292
.331
.385
.479
.294
.354
6
89.5
91.4
19
Graphs
78

Santana, Carlos
381
2423
15.7
88
73
64
15
6
4
0
5
9
10.2
15
17.0
27
150
.205
.251
.341
.380
.466
.495
.351
.378
6
89.8
90.9
21
Graphs
79

Abrams, CJ
379
2261
16.8
86
79
66
31
18
5
2
6
14
16.3
3
3.5
35
174
.392
.325
.430
.369
.734
.582
.487
.404
7
89.6
90.2
12
Graphs
80

De La Cruz, Bryan
377
2394
15.7
90
85
80
34
23
7
0
4
7
7.8
3
3.3
39
187
.400
.382
.411
.396
.624
.641
.437
.436
7
89.4
91.5
18
Graphs
81

Suárez, Eugenio
376
2542
14.8
99
78
66
24
14
4
0
6
15
15.2
16
16.2
39
157
.308
.306
.424
.438
.590
.576
.426
.436
9
89.6
90.3
19
Graphs
82

Pasquantino, Vinnie
376
2133
17.6
105
98
96
24
14
8
0
2
3
2.9
5
4.8
15
175
.245
.292
.286
.332
.388
.495
.292
.353
9
89.5
90.9
17
Graphs
83

Young, Jacob
375
1955
19.2
88
81
66
25
18
6
0
1
15
17.0
6
6.8
21
164
.309
.302
.364
.357
.420
.410
.344
.337
3
89.8
88.8
10
Graphs
84

Perkins, Blake
374
1734
21.6
84
73
61
21
14
6
0
1
12
14.3
11
13.1
32
152
.288
.281
.381
.375
.411
.432
.351
.355
4
89.9
89.7
11
Graphs
85

Vaughn, Andrew
373
2337
16.0
104
92
82
26
17
5
0
4
11
10.6
9
8.7
26
178
.283
.280
.356
.358
.467
.572
.357
.395
10
89.9
92.3
24
Graphs
86

Witt Jr., Bobby
373
2600
14.3
91
82
76
34
19
6
1
8
7
7.7
6
6.6
27
181
.415
.405
.462
.453
.805
.913
.526
.556
17
89.8
94.3
19
Graphs
87

Busch, Michael
372
2365
15.7
99
89
71
26
18
5
0
3
18
18.2
8
8.1
23
168
.292
.252
.364
.327
.449
.441
.356
.333
7
89.4
89.7
23
Graphs
88

Hoskins, Rhys
372
2243
16.6
78
66
52
15
10
1
0
4
15
19.2
11
14.1
25
148
.227
.242
.333
.347
.424
.465
.331
.351
8
89.9
87.8
22
Graphs
89

Merrill, Jackson
370
2214
16.7
97
91
81
29
20
3
0
6
11
11.3
5
5.2
27
203
.319
.375
.351
.403
.549
.654
.383
.444
10
89.7
89.9
15
Graphs
90

Naylor, Josh
370
2284
16.2
107
99
94
27
14
7
0
6
6
5.6
7
6.5
19
180
.273
.388
.318
.425
.525
.667
.357
.458
10
89.7
91.1
13
Graphs
91

Judge, Aaron
368
2885
12.8
92
71
59
20
6
6
0
8
13
14.1
20
21.7
33
163
.282
.336
.435
.480
.704
.767
.467
.509
15
89.6
96.5
18
Graphs
92

Smith, Will
368
2271
16.2
86
80
68
23
16
5
0
2
12
14.0
6
7.0
31
167
.287
.321
.337
.369
.425
.569
.333
.398
7
89.8
90.7
19
Graphs
93

Riley, Austin
367
1822
20.1
83
75
60
20
13
4
0
3
15
18.1
8
9.6
31
176
.267
.265
.337
.338
.440
.473
.339
.349
5
89.7
94.8
18
Graphs
94

Suzuki, Seiya
367
2509
14.6
92
82
67
30
18
3
1
8
15
16.3
9
9.8
19
145
.366
.373
.435
.442
.720
.766
.484
.500
12
89.6
95.7
17
Graphs
95

McCutchen, Andrew
366
2163
16.9
80
72
60
21
13
3
1
4
13
16.3
7
8.8
33
143
.292
.293
.350
.354
.528
.511
.373
.371
7
89.3
90.3
12
Graphs
96

Canha, Mark
365
1946
18.8
84
69
58
23
15
7
0
1
12
14.3
11
13.1
32
150
.333
.263
.440
.386
.478
.410
.402
.357
4
89.9
88.5
8
Graphs
97

Benintendi, Andrew
365
1995
18.3
82
72
60
19
11
2
0
6
13
15.9
9
11.0
32
168
.264
.254
.341
.333
.542
.459
.374
.342
5
89.8
89.6
23
Graphs
98

Kiner-Falefa, Isiah
363
1710
21.2
106
99
88
26
22
2
1
1
11
10.4
5
4.7
18
162
.263
.283
.311
.330
.333
.400
.287
.320
3
89.5
86.3
6
Graphs
99

Burleson, Alec
360
2117
17.0
91
81
76
28
21
3
0
4
6
6.6
8
8.8
25
204
.346
.283
.407
.355
.531
.473
.403
.358
6
89.7
91.0
16
Graphs
100

Keith, Colt
358
2022
17.7
95
89
80
18
16
2
0
0
9
9.5
5
5.3
22
173
.202
.287
.253
.332
.225
.397
.219
.319
2
89.7
87.4
14
Graphs
101

Raleigh, Cal
356
2514
14.2
83
75
59
21
14
0
0
7
17
20.5
6
7.2
38
179
.280
.258
.337
.319
.560
.556
.380
.370
11
89.6
90.8
27
Graphs
102

Swanson, Dansby
356
2355
15.1
96
88
74
28
18
6
0
4
14
14.6
6
6.3
47
185
.318
.285
.375
.344
.523
.514
.387
.368
8
89.5
88.2
11
Graphs
103

Ortiz, Joey
354
2124
16.7
75
64
50
14
11
3
0
0
15
20.0
9
12.0
15
132
.219
.206
.320
.314
.266
.261
.272
.269
0
89.6
87.0
5
Graphs
104

Winker, Jesse
353
2063
17.1
79
66
56
20
15
4
0
1
10
12.7
12
15.2
22
152
.303
.297
.418
.413
.409
.383
.371
.359
1
89.6
86.0
13
Graphs
105

Hernández, Teoscar
352
2608
13.5
87
78
70
22
14
2
0
6
9
10.3
8
9.2
39
175
.282
.351
.345
.408
.538
.684
.375
.456
13
89.6
91.8
13
Graphs
106

France, Ty
352
2028
17.4
91
80
63
22
11
7
0
4
19
20.9
7
7.7
40
166
.275
.264
.341
.337
.512
.512
.362
.363
7
89.6
91.9
9
Graphs
107

Martinez, J.D.
350
2052
17.1
84
74
62
23
12
6
0
5
12
14.3
8
9.5
29
164
.311
.347
.393
.425
.595
.708
.420
.473
12
89.9
96.2
21
Graphs
108

Pham, Tommy
350
1923
18.2
74
63
57
21
13
2
0
6
7
9.5
9
12.2
19
125
.333
.344
.419
.428
.651
.590
.449
.430
5
89.6
91.4
9
Graphs
109

Langford, Wyatt
349
2256
15.5
82
73
62
20
15
2
0
3
12
14.6
6
7.3
22
136
.274
.317
.341
.379
.425
.516
.335
.384
6
89.6
89.6
19
Graphs
110

Candelario, Jeimer
349
1781
19.6
97
92
77
20
12
3
0
5
15
15.5
3
3.1
34
177
.217
.239
.258
.279
.413
.391
.290
.291
6
89.5
85.5
15
Graphs
111

Bellinger, Cody
349
2083
16.8
100
92
82
27
17
4
1
5
12
12.0
6
6.0
34
175
.293
.254
.330
.298
.522
.484
.360
.333
6
89.5
90.1
14
Graphs
112

Kim, Ha-Seong
348
1982
17.6
78
71
63
20
12
5
1
2
8
10.3
7
9.0
16
136
.282
.288
.346
.353
.465
.399
.351
.331
2
89.8
89.2
14
Graphs
113

Rodríguez, Julio
348
2385
14.6
89
79
66
27
19
0
0
8
14
15.7
9
10.1
42
173
.342
.355
.404
.418
.646
.717
.442
.471
10
89.7
94.1
16
Graphs
114

Stephenson, Tyler
346
1947
17.8
107
97
91
29
19
3
0
7
6
5.6
8
7.5
20
161
.299
.317
.364
.381
.546
.606
.391
.417
12
89.7
90.7
14
Graphs
115

Sheets, Gavin
345
2087
16.5
85
78
69
22
14
5
0
3
10
11.8
5
5.9
31
164
.282
.261
.329
.312
.462
.408
.340
.314
4
89.9
91.0
19
Graphs
116

Betts, Mookie
344
2047
16.8
88
75
72
24
17
5
0
2
3
3.4
13
14.8
8
126
.320
.346
.420
.442
.467
.530
.390
.422
5
90.0
88.3
17
Graphs
117

Bleday, JJ
342
2483
13.8
105
94
87
32
12
11
1
8
7
6.7
11
10.5
27
179
.340
.322
.410
.393
.734
.569
.476
.410
12
89.5
88.4
18
Graphs
118

Perez, Salvador
342
2301
14.9
103
92
84
26
16
5
0
5
10
9.7
5
4.9
29
178
.283
.250
.333
.307
.500
.529
.355
.351
10
89.5
91.7
23
Graphs
119

O'Neill, Tyler
340
1984
17.1
79
68
50
20
11
5
0
4
19
24.1
9
11.4
51
149
.294
.285
.380
.373
.544
.629
.394
.416
9
89.5
91.5
21
Graphs
120

Yastrzemski, Mike
338
1955
17.3
71
61
45
22
12
3
1
6
16
22.5
9
12.7
28
125
.361
.352
.451
.444
.738
.666
.495
.467
8
89.6
91.6
14
Graphs
121

Lopez, Nicky
337
1628
20.7
84
76
68
22
18
4
0
0
8
9.5
7
8.3
18
155
.289
.231
.357
.305
.342
.301
.315
.274
1
89.9
86.9
10
Graphs
122

Triolo, Jared
337
1764
19.1
96
85
68
22
13
5
1
3
18
18.8
7
7.3
30
171
.259
.301
.333
.375
.447
.490
.338
.375
6
89.3
89.1
15
Graphs
123

DeJong, Paul
337
1851
18.2
93
86
66
28
16
4
0
8
21
22.6
4
4.3
51
190
.326
.291
.366
.336
.651
.540
.427
.373
6
89.9
91.1
22
Graphs
124

Mullins, Cedric
337
1938
17.4
86
79
68
25
17
2
1
5
11
12.8
7
8.1
31
186
.316
.275
.372
.334
.557
.443
.397
.337
5
89.6
88.7
18
Graphs
125

Langeliers, Shea
335
1993
16.8
82
73
56
14
10
0
1
3
17
20.7
6
7.3
33
160
.192
.216
.280
.302
.342
.390
.279
.305
5
89.8
91.1
23
Graphs
126

Burger, Jake
335
2081
16.1
81
79
68
26
15
4
0
7
12
14.8
0
0.0
36
165
.329
.312
.333
.324
.646
.632
.411
.403
11
89.7
93.4
15
Graphs
127

Ramos, Heliot
331
2011
16.5
72
65
59
26
15
6
0
5
7
9.7
6
8.3
35
159
.400
.356
.444
.415
.723
.714
.488
.472
10
89.5
93.5
16
Graphs
128

Cowser, Colton
330
2311
14.3
62
51
44
19
4
5
2
8
8
12.9
7
11.3
27
131
.373
.349
.468
.453
1.020
.889
.586
.541
13
89.7
95.5
18
Graphs
129

Marte, Ketel
330
2146
15.4
97
80
77
32
14
7
1
10
7
7.2
11
11.3
26
161
.400
.356
.464
.441
.887
.697
.538
.479
11
89.8
96.7
7
Graphs
130

Toglia, Michael
330
1920
17.2
83
68
59
18
6
4
1
7
11
13.3
13
15.7
23
149
.265
.316
.373
.420
.662
.704
.424
.461
11
89.5
91.7
16
Graphs
131

Castellanos, Nick
329
2344
14.0
89
82
75
26
16
5
1
4
8
9.0
4
4.5
39
191
.317
.373
.360
.411
.549
.679
.386
.457
8
89.7
91.6
14
Graphs
132

Taveras, Leody
328
2008
16.3
71
59
52
13
8
1
1
3
8
11.3
11
15.5
20
135
.220
.250
.338
.370
.424
.427
.333
.352
3
89.8
91.2
13
Graphs
133

Rojas, Josh
328
1901
17.3
82
70
57
22
13
7
0
2
13
15.9
11
13.4
26
156
.314
.250
.415
.361
.500
.411
.398
.342
5
89.4
87.8
17
Graphs
134

Rafaela, Ceddanne
328
2070
15.8
81
75
61
15
11
0
2
2
14
17.3
3
3.7
53
190
.200
.235
.259
.291
.333
.405
.262
.303
6
89.9
86.0
22
Graphs
135

Turner, Trea
326
2043
16.0
96
88
80
29
16
8
0
5
8
8.3
7
7.3
28
183
.330
.277
.385
.337
.591
.463
.416
.346
7
89.4
88.9
13
Graphs
136

Morel, Christopher
323
2352
13.7
93
85
74
24
15
4
0
5
12
12.9
7
7.5
38
167
.282
.300
.333
.350
.506
.583
.358
.392
11
90.0
91.3
13
Graphs
137

Benson, Will
323
1656
19.5
70
59
40
12
5
5
0
2
19
27.1
10
14.3
39
140
.203
.204
.329
.329
.390
.381
.320
.317
5
89.6
93.0
18
Graphs
138

Bogaerts, Xander
322
1791
18.0
93
85
79
24
16
4
0
4
7
7.5
6
6.5
17
142
.282
.328
.333
.378
.471
.504
.346
.384
5
89.5
89.8
10
Graphs
139

Marsh, Brandon
321
2007
16.0
85
77
57
23
12
5
2
4
20
23.5
7
8.2
30
140
.299
.326
.365
.389
.571
.516
.397
.390
6
89.8
91.2
13
Graphs
140

Moore, Dylan
319
1804
17.7
90
78
58
19
6
10
0
3
21
23.3
10
11.1
30
153
.244
.273
.333
.364
.487
.498
.351
.374
10
89.7
91.7
24
Graphs
141

Heim, Jonah
316
1781
17.7
88
83
75
22
13
2
0
7
8
9.1
4
4.5
25
171
.265
.283
.307
.324
.542
.489
.361
.350
8
90.0
90.7
19
Graphs
142

Polanco, Jorge
315
1946
16.2
72
67
57
14
10
1
0
3
11
15.3
4
5.6
24
166
.209
.270
.250
.307
.358
.455
.264
.324
3
89.5
88.3
14
Graphs
143

Albies, Ozzie
315
1649
19.1
77
69
62
17
9
5
0
3
8
10.4
6
7.8
36
178
.246
.301
.312
.361
.449
.536
.327
.381
6
89.7
90.0
19
Graphs
144

Diaz, Yainer
315
2128
14.8
81
72
63
21
15
5
0
1
11
13.6
7
8.6
39
172
.292
.314
.346
.368
.403
.520
.326
.379
6
89.8
94.9
10
Graphs
145

Garver, Mitch
314
1815
17.3
75
58
48
13
4
2
0
7
10
13.3
16
21.3
23
118
.224
.254
.400
.423
.621
.614
.428
.435
9
89.8
92.7
18
Graphs
146

Rooker, Brent
313
2378
13.2
76
68
55
24
13
4
0
7
13
17.1
8
10.5
31
138
.353
.286
.421
.362
.721
.642
.478
.418
8
89.5
93.1
23
Graphs
147

McNeil, Jeff
312
1711
18.2
85
73
68
13
7
4
0
2
5
5.9
11
12.9
15
164
.178
.234
.294
.342
.315
.337
.278
.307
2
89.7
87.7
16
Graphs
148

Conforto, Michael
311
1965
15.8
72
66
58
21
10
7
0
4
8
11.1
6
8.3
23
139
.318
.316
.375
.373
.606
.592
.416
.409
5
89.3
93.4
18
Graphs
149

Pérez, Wenceel
311
1754
17.7
73
66
58
21
12
5
1
3
8
11.0
7
9.6
29
152
.318
.252
.384
.323
.561
.404
.403
.320
3
89.6
90.6
18
Graphs
150

Neto, Zach
308
2289
13.5
88
82
74
27
17
6
0
4
8
9.1
5
5.7
32
165
.329
.289
.375
.337
.549
.514
.396
.364
5
90.0
91.5
10
Graphs
151

Rocchio, Brayan
308
1669
18.5
76
60
52
12
9
3
0
0
10
13.2
12
15.8
22
140
.200
.258
.342
.391
.250
.331
.282
.331
0
89.5
84.7
14
Graphs
152

García Jr., Luis
308
1883
16.4
78
72
64
29
22
6
0
1
9
11.5
5
6.4
25
156
.403
.335
.436
.376
.528
.518
.416
.383
3
89.5
93.0
10
Graphs
153

Lux, Gavin
307
1939
15.8
75
70
62
29
19
5
1
4
8
10.7
5
6.7
21
146
.414
.311
.453
.357
.686
.500
.483
.368
6
89.6
87.8
14
Graphs
154

Walker, Christian
307
2315
13.3
57
50
42
15
9
2
0
4
9
15.8
6
10.5
22
130
.300
.255
.368
.346
.580
.490
.400
.381
7
89.7
88.9
21
Graphs
155

Melendez, MJ
307
1845
16.6
83
78
65
16
6
4
1
5
13
15.7
5
6.0
41
172
.205
.270
.253
.314
.474
.542
.308
.362
7
89.7
93.6
18
Graphs
156

Mountcastle, Ryan
306
1901
16.1
71
65
57
19
10
7
1
1
9
12.7
5
7.0
33
165
.292
.292
.338
.345
.477
.476
.348
.358
4
89.8
88.9
6
Graphs
157

Caballero, José
304
1894
16.1
83
76
59
25
13
9
0
3
17
20.5
4
4.8
40
162
.329
.292
.386
.351
.566
.427
.407
.341
5
89.3
87.1
12
Graphs
158

Seager, Corey
303
1872
16.2
94
83
70
21
8
5
0
8
13
13.8
10
10.6
29
160
.253
.286
.340
.370
.602
.680
.397
.435
14
89.4
93.5
15
Graphs
159

Tellez, Rowdy
300
1666
18.0
72
66
59
22
14
4
0
4
7
9.7
6
8.3
11
107
.333
.287
.389
.347
.576
.585
.412
.393
9
89.8
90.9
22
Graphs
160

Cruz, Oneil
300
2381
12.6
77
68
56
21
11
5
0
5
13
16.9
7
9.1
25
127
.309
.337
.377
.403
.603
.694
.413
.457
9
89.4
96.2
11
Graphs
161

Wong, Connor
298
1865
16.0
75
69
62
22
12
7
0
3
8
10.7
3
4.0
28
152
.319
.283
.360
.335
.551
.516
.387
.376
8
89.8
88.7
20
Graphs
162

Friedl, TJ
297
1286
23.1
74
64
59
23
14
2
1
6
5
6.8
8
10.8
6
123
.359
.265
.446
.365
.703
.418
.482
.346
4
89.4
88.6
25
Graphs
163

Gelof, Zack
296
2055
14.4
74
62
49
16
12
1
2
1
15
20.3
9
12.2
50
141
.258
.247
.351
.353
.387
.399
.324
.342
4
89.9
89.4
20
Graphs
164

Fry, David
296
1515
19.5
73
60
53
11
7
2
0
2
9
12.3
8
11.0
25
148
.183
.229
.301
.340
.317
.365
.280
.314
2
89.4
88.0
22
Graphs
165

Nootbaar, Lars
296
1659
17.8
84
72
64
22
14
3
1
4
9
10.7
10
11.9
16
107
.306
.309
.393
.396
.542
.563
.399
.406
8
89.9
94.3
6
Graphs
166

Dubón, Mauricio
295
1450
20.3
81
77
70
17
12
5
0
0
7
8.6
4
4.9
26
179
.221
.223
.259
.261
.286
.333
.242
.260
1
90.0
89.1
14
Graphs
167

Horwitz, Spencer
294
1582
18.6
63
53
48
15
8
5
0
2
7
11.1
8
12.7
20
116
.283
.295
.365
.383
.491
.486
.364
.376
3
89.7
89.2
13
Graphs
168

Stanton, Giancarlo
291
1831
15.9
70
61
41
16
9
2
0
5
20
28.6
8
11.4
42
129
.262
.283
.357
.375
.541
.626
.385
.421
11
89.6
95.8
19
Graphs
169

Kelenic, Jarred
289
1758
16.4
72
68
58
20
13
2
2
3
10
13.9
4
5.6
35
145
.294
.275
.333
.315
.515
.458
.362
.331
3
89.9
89.0
21
Graphs
170

Renfroe, Hunter
288
1652
17.4
75
67
59
16
10
1
0
5
9
12.0
6
8.0
18
127
.239
.277
.307
.343
.478
.519
.336
.368
5
89.6
88.7
18
Graphs
171

Bailey, Patrick
287
1787
16.1
70
65
60
16
11
3
0
2
6
8.6
4
5.7
15
134
.246
.345
.286
.380
.385
.560
.290
.401
4
89.5
92.7
17
Graphs
172

Haniger, Mitch
287
1758
16.3
81
72
57
19
12
3
0
4
15
18.5
9
11.1
30
129
.264
.267
.346
.349
.472
.486
.355
.360
8
89.6
91.9
12
Graphs
173

Kirk, Alejandro
286
1495
19.1
54
48
45
17
14
2
0
1
3
5.6
6
11.1
12
110
.354
.287
.426
.366
.458
.467
.390
.362
4
89.3
91.0
9
Graphs
174

Jones, Nolan
283
1301
21.8
60
51
38
12
8
3
0
1
13
21.7
8
13.3
19
108
.235
.219
.350
.336
.353
.343
.318
.308
2
89.8
85.3
6
Graphs
175

Abreu, Wilyer
283
1806
15.7
71
60
52
17
6
6
0
5
9
12.7
9
12.7
29
128
.283
.291
.380
.387
.633
.567
.422
.404
6
89.9
93.7
18
Graphs
176

Yoshida, Masataka
283
1593
17.8
73
64
63
19
12
5
0
2
2
2.7
6
8.2
14
124
.297
.304
.370
.383
.469
.511
.363
.387
5
89.8
86.5
11
Graphs
177

Sánchez, Jesús
282
1991
14.2
62
59
53
21
12
6
0
3
6
9.7
3
4.8
35
145
.356
.324
.387
.357
.610
.548
.425
.385
7
90.1
94.4
11
Graphs
178

Jeffers, Ryan
282
1807
15.6
70
60
53
15
8
3
0
4
7
10.0
7
10.0
18
125
.250
.348
.357
.441
.500
.602
.371
.446
5
89.9
91.5
15
Graphs
179

Miranda, Jose
281
1540
18.2
70
62
59
17
10
5
1
1
4
5.7
5
7.1
26
140
.274
.276
.343
.349
.435
.426
.337
.344
4
89.9
89.1
20
Graphs
180

Fermin, Freddy
279
1434
19.5
69
65
54
14
8
4
0
2
11
15.9
4
5.8
27
150
.215
.208
.261
.254
.369
.319
.274
.252
1
89.8
90.9
14
Graphs
181

Espinal, Santiago
279
1505
18.5
70
62
59
19
14
2
0
3
3
4.3
8
11.4
12
124
.306
.298
.386
.378
.484
.435
.379
.358
2
89.9
86.8
13
Graphs
182

Tucker, Kyle
278
1349
20.6
67
56
43
14
8
2
0
4
13
19.4
11
16.4
20
109
.250
.239
.373
.364
.500
.509
.378
.375
6
90.0
92.1
12
Graphs
183

Adell, Jo
277
1840
15.1
76
66
54
17
11
3
1
2
12
15.8
9
11.8
33
151
.258
.254
.355
.353
.424
.433
.343
.345
5
90.0
90.4
16
Graphs
184

Singleton, Jon
277
1626
17.0
77
64
53
12
6
2
0
4
12
15.6
12
15.6
22
108
.188
.221
.312
.344
.406
.469
.315
.351
7
89.7
89.2
16
Graphs
185

Bader, Harrison
277
1647
16.8
75
67
62
15
10
0
0
5
7
9.3
5
6.7
23
131
.224
.301
.280
.356
.448
.588
.310
.400
7
89.6
89.5
11
Graphs
186

Meyers, Jake
275
1817
15.1
86
78
69
20
13
4
0
3
9
10.5
5
5.8
22
141
.256
.285
.326
.351
.423
.472
.328
.357
6
89.9
91.0
21
Graphs
187

Tatis Jr., Fernando
275
1551
17.7
67
57
48
16
10
3
0
3
9
13.4
9
13.4
22
124
.281
.354
.388
.450
.491
.694
.383
.478
9
89.4
93.5
9
Graphs
188

Ruiz, Keibert
275
1659
16.6
86
81
75
19
14
2
0
3
6
7.0
4
4.7
9
135
.235
.255
.279
.298
.370
.352
.285
.288
3
89.7
86.1
21
Graphs
189

Schuemann, Max
274
1835
14.9
62
54
43
16
12
2
0
2
12
19.4
5
8.1
26
115
.296
.312
.371
.386
.444
.512
.356
.386
5
89.7
90.9
18
Graphs
190

O'Hoppe, Logan
274
1983
13.8
60
53
42
14
10
2
0
2
11
18.3
4
6.7
29
134
.264
.344
.350
.420
.415
.619
.339
.442
6
90.1
92.7
14
Graphs
191

Urshela, Gio
273
1693
16.1
67
62
53
19
13
4
0
2
9
13.4
5
7.5
25
146
.306
.301
.358
.353
.468
.457
.359
.351
3
89.8
92.0
12
Graphs
192

Realmuto, J.T.
273
1583
17.2
78
71
61
26
17
4
1
4
10
12.8
6
7.7
20
133
.366
.321
.423
.382
.620
.563
.444
.402
6
89.7
91.8
12
Graphs
193

Isbel, Kyle
273
1582
17.3
63
53
41
9
5
0
4
0
12
19.0
7
11.1
18
109
.170
.194
.302
.322
.321
.283
.282
.282
1
89.5
88.0
19
Graphs
194

Torkelson, Spencer
272
1593
17.1
61
55
45
18
10
3
1
4
10
16.4
6
9.8
18
123
.327
.260
.393
.333
.636
.485
.434
.351
4
89.7
92.8
18
Graphs
195

Marte, Starling
272
1417
19.2
56
53
44
16
12
3
1
0
9
16.1
3
5.4
36
125
.302
.320
.339
.357
.396
.435
.321
.345
3
89.7
89.9
3
Graphs
196

Gurriel Jr., Lourdes
270
2083
13.0
64
62
55
25
14
4
1
6
7
10.9
2
3.1
13
118
.403
.331
.422
.352
.790
.616
.510
.407
6
89.6
92.5
17
Graphs
197

O'Hearn, Ryan
269
1920
14.0
68
63
58
16
11
3
0
2
5
7.4
5
7.4
20
125
.254
.330
.309
.379
.397
.496
.309
.379
2
89.8
88.7
15
Graphs
198

Siani, Michael
268
1289
20.8
64
56
47
15
14
1
0
0
9
14.1
8
12.5
25
115
.268
.254
.359
.347
.286
.311
.299
.301
1
89.8
83.8
2
Graphs
199

Kepler, Max
267
1498
17.8
69
62
57
20
11
7
0
2
6
8.7
4
5.8
22
130
.323
.225
.368
.280
.532
.399
.383
.296
4
89.7
88.8
25
Graphs
200

McCarthy, Jake
267
1786
14.9
71
66
57
14
11
2
0
1
10
14.1
3
4.2
18
138
.212
.247
.254
.294
.288
.351
.240
.287
1
89.4
85.1
15
Graphs
201

Butler, Lawrence
263
1815
14.5
80
74
62
27
14
6
0
7
12
15.0
6
7.5
27
139
.365
.349
.412
.398
.730
.600
.479
.423
7
89.9
92.5
11
Graphs
202

Harris II, Michael
261
1685
15.5
74
70
69
21
13
3
0
5
3
4.1
2
2.7
16
145
.300
.320
.311
.344
.557
.514
.363
.374
6
89.8
90.3
13
Graphs
203

Moreno, Gabriel
260
1532
17.0
51
39
39
14
6
6
1
1
2
3.9
8
15.7
15
87
.359
.350
.471
.468
.641
.648
.459
.463
5
89.6
92.9
16
Graphs
204

Naylor, Bo
260
1624
16.0
65
58
45
9
6
1
1
1
13
20.0
7
10.8
27
125
.155
.277
.246
.355
.259
.454
.231
.351
6
89.9
91.3
16
Graphs
205

Pages, Andy
259
1719
15.1
64
58
52
24
15
6
0
3
7
10.9
5
7.8
20
125
.414
.342
.453
.395
.672
.668
.474
.450
10
90.0
90.9
21
Graphs
206

Lopez, Otto
258
1545
16.7
64
59
52
16
11
3
1
1
7
10.9
3
4.7
15
119
.271
.291
.317
.336
.407
.440
.316
.340
3
89.8
92.2
4
Graphs
207

Westburg, Jordan
258
1634
15.8
78
74
65
17
8
7
0
2
9
11.5
3
3.8
30
138
.230
.302
.269
.338
.405
.599
.291
.393
10
89.9
91.2
18
Graphs
208

Wells, Austin
256
1638
15.6
53
44
37
15
9
5
0
1
7
13.2
9
17.0
24
108
.341
.276
.453
.399
.523
.505
.424
.391
4
89.6
90.9
4
Graphs
209

Hernández, Enrique
255
1518
16.8
65
61
50
13
9
1
0
3
11
16.9
4
6.2
21
121
.213
.213
.262
.262
.377
.332
.278
.261
3
89.9
90.6
21
Graphs
210

Vientos, Mark
255
1756
14.5
66
64
53
22
12
3
0
7
11
16.7
2
3.0
34
132
.344
.321
.364
.342
.719
.689
.456
.430
9
89.7
93.9
15
Graphs
211

Gorman, Nolan
255
1596
16.0
72
66
55
18
9
3
0
6
11
15.3
6
8.3
41
146
.273
.277
.333
.338
.591
.588
.391
.390
10
89.8
88.8
24
Graphs
212

Joe, Connor
252
1651
15.3
70
56
49
14
10
3
0
1
8
11.4
13
18.6
19
108
.250
.241
.386
.380
.357
.314
.337
.322
1
89.4
88.3
22
Graphs
213

Rojas, Johan
252
1329
19.0
64
62
54
15
13
2
0
0
8
12.5
1
1.6
28
128
.242
.222
.266
.246
.274
.270
.240
.229
0
89.7
87.3
3
Graphs
214

Freeman, Tyler
252
1381
18.2
55
47
41
12
8
4
0
0
6
10.9
6
10.9
12
104
.255
.241
.364
.352
.340
.308
.321
.304
0
89.7
89.6
15
Graphs
215

Fraley, Jake
252
1331
18.9
81
77
73
29
26
0
1
2
4
4.9
4
4.9
12
149
.377
.307
.407
.342
.481
.435
.387
.337
3
89.5
85.0
18
Graphs
216

Perdomo, Geraldo
252
1580
15.9
65
56
49
18
16
0
0
2
7
10.8
8
12.3
13
98
.321
.253
.415
.356
.429
.341
.376
.317
1
89.9
87.3
16
Graphs
217

Tauchman, Mike
251
1537
16.3
57
50
41
10
7
2
0
1
9
15.8
6
10.5
27
124
.200
.253
.298
.346
.300
.456
.273
.350
4
89.8
88.1
17
Graphs
218

Slater, Austin
251
882
28.5
58
44
36
11
9
1
0
1
9
15.5
13
22.4
23
102
.250
.247
.414
.412
.341
.391
.348
.362
1
89.4
91.1
8
Graphs
219

Wood, James
250
1404
17.8
55
49
39
15
12
2
1
0
10
18.2
6
10.9
20
91
.306
.277
.382
.355
.388
.339
.342
.314
0
89.4
97.0
1
Graphs
220

Sosa, Lenyn
249
1377
18.1
60
59
51
19
15
3
0
1
8
13.3
1
1.7
12
121
.322
.333
.333
.344
.424
.535
.329
.374
6
89.7
91.1
13
Graphs
221

Clement, Ernie
248
1449
17.1
70
69
65
20
9
7
1
3
4
5.7
0
0.0
16
143
.290
.293
.300
.303
.551
.506
.360
.344
5
89.6
87.9
20
Graphs
222

Gonzales, Nick
247
1371
18.0
67
61
55
18
13
3
0
2
6
9.0
5
7.5
33
136
.295
.291
.358
.354
.443
.467
.351
.356
3
89.5
89.0
15
Graphs
223

Wade Jr., LaMonte
246
1639
15.0
45
35
30
15
10
3
0
2
5
11.1
9
20.0
10
80
.429
.348
.556
.493
.686
.567
.524
.456
4
89.4
89.7
19
Graphs
224

Drury, Brandon
241
1397
17.3
65
57
48
8
5
3
0
0
11
16.9
5
7.7
26
117
.140
.167
.215
.255
.193
.253
.190
.243
0
90.0
85.6
8
Graphs
225

Fitzgerald, Tyler
239
1330
18.0
57
54
43
20
13
2
1
4
11
19.3
2
3.5
25
116
.370
.317
.404
.353
.667
.536
.454
.379
3
89.5
88.4
17
Graphs
226

d'Arnaud, Travis
239
1353
17.7
52
48
41
11
5
2
0
4
8
15.4
2
3.8
29
121
.229
.305
.269
.339
.521
.602
.331
.394
6
90.0
95.0
16
Graphs
227

Siri, Jose
237
1788
13.3
61
52
37
11
5
3
0
3
15
24.6
6
9.8
41
103
.212
.226
.328
.340
.442
.487
.338
.357
6
89.6
92.0
18
Graphs
228

Taylor, Tyrone
236
1323
17.8
56
50
45
16
11
4
1
0
5
8.9
5
8.9
9
107
.320
.358
.393
.426
.440
.561
.366
.424
4
89.6
88.7
22
Graphs
229

Frazier, Adam
236
1211
19.5
54
49
38
12
7
5
0
0
11
20.4
4
7.4
18
109
.245
.307
.315
.371
.347
.394
.295
.341
1
89.8
84.8
17
Graphs
230

Rizzo, Anthony
236
1432
16.5
70
58
50
18
14
3
0
1
8
11.4
11
15.7
12
103
.310
.261
.429
.388
.414
.361
.378
.340
1
89.3
89.2
19
Graphs
231

Rogers, Jake
236
1258
18.8
52
48
39
11
4
4
1
2
9
17.3
3
5.8
24
111
.229
.248
.288
.306
.479
.534
.327
.357
5
89.8
88.9
17
Graphs
232

Fortes, Nick
235
1154
20.4
73
65
65
16
11
4
0
1
2
2.7
3
4.1
4
117
.246
.212
.301
.273
.354
.270
.288
.248
0
89.7
84.4
17
Graphs
233

Larnach, Trevor
233
1576
14.8
65
57
44
22
12
6
0
4
13
20.0
8
12.3
20
93
.386
.336
.462
.418
.702
.650
.490
.448
7
89.7
95.4
13
Graphs
234

Robert Jr., Luis
232
1609
14.4
48
42
34
10
5
3
0
2
8
16.7
4
8.3
31
106
.238
.214
.333
.312
.452
.471
.343
.337
4
89.5
90.4
18
Graphs
235

Lowe, Josh
232
1672
13.9
68
61
36
14
7
4
0
3
25
36.8
7
10.3
43
126
.230
.213
.309
.294
.443
.412
.326
.306
6
89.7
93.3
19
Graphs
236

Jansen, Danny
231
1376
16.8
51
47
40
12
8
3
0
1
7
13.7
4
7.8
16
101
.255
.246
.314
.305
.383
.410
.306
.312
3
90.1
88.4
21
Graphs
237

Yelich, Christian
231
1268
18.2
61
51
43
16
13
1
1
1
8
13.1
9
14.8
19
103
.314
.265
.426
.386
.431
.392
.382
.348
1
89.5
87.7
4
Graphs
238

Nevin, Tyler
230
1090
21.1
48
36
32
10
8
1
0
1
4
8.3
10
20.8
14
92
.278
.228
.458
.421
.389
.402
.389
.373
3
89.7
90.0
8
Graphs
239

Cave, Jake
230
1345
17.1
57
54
42
15
11
3
1
0
12
21.1
3
5.3
17
111
.278
.269
.316
.307
.370
.377
.300
.299
2
89.1
88.6
9
Graphs
240

Massey, Michael
230
1330
17.3
60
52
49
14
11
2
0
1
5
8.3
4
6.7
10
106
.269
.290
.333
.366
.365
.478
.308
.377
4
89.4
91.7
20
Graphs
241

Díaz, Elias
229
1323
17.3
51
47
41
14
11
3
0
0
7
13.7
3
5.9
20
114
.298
.249
.333
.290
.362
.343
.305
.277
1
89.6
89.6
13
Graphs
242

Smith, Dominic
228
1211
18.8
59
51
43
20
11
6
0
3
8
13.6
8
13.6
24
98
.392
.278
.475
.376
.686
.510
.490
.380
6
89.5
90.5
18
Graphs
243

Lee, Korey
226
1429
15.8
62
56
46
20
14
2
1
3
10
16.1
6
9.7
33
127
.357
.324
.419
.389
.589
.578
.431
.410
5
89.7
91.9
9
Graphs
244

Grossman, Robbie
226
1031
21.9
47
36
27
13
9
3
0
1
9
19.1
11
23.4
18
80
.361
.294
.511
.459
.528
.398
.454
.390
1
89.5
88.1
14
Graphs
245

Cabrera, Oswaldo
226
1267
17.8
60
50
45
12
11
0
0
1
5
8.3
9
15.0
14
95
.240
.292
.367
.410
.300
.421
.311
.370
2
89.6
91.2
16
Graphs
246

Meadows, Parker
226
1214
18.6
49
42
35
10
7
2
0
1
7
14.3
6
12.2
18
96
.238
.254
.347
.361
.357
.412
.318
.342
1
89.8
89.8
23
Graphs
247

Toro, Abraham
225
1394
16.1
62
56
53
16
8
6
1
1
3
4.8
6
9.7
6
98
.286
.316
.355
.382
.482
.498
.361
.381
3
89.9
87.2
15
Graphs
248

Raley, Luke
224
1713
13.1
63
56
45
15
10
1
1
3
11
17.5
3
4.8
25
116
.268
.257
.349
.340
.482
.426
.361
.337
2
89.3
88.5
18
Graphs
249

Contreras, Willson
224
1382
16.2
68
58
46
18
10
4
0
4
12
17.6
9
13.2
21
111
.310
.343
.412
.440
.586
.635
.426
.454
7
90.1
94.8
19
Graphs
250

Bauers, Jake
221
1512
14.6
45
42
33
10
7
0
0
3
9
20.0
2
4.4
28
120
.238
.270
.289
.318
.452
.527
.320
.360
4
89.9
87.9
27
Graphs
251

Urías, Ramón
221
1150
19.2
53
50
48
19
13
2
0
4
2
3.8
3
5.7
24
112
.380
.377
.415
.412
.660
.717
.457
.474
6
90.0
91.1
17
Graphs
252

Bride, Jonah
220
1157
19.0
62
52
49
19
11
5
0
3
7
11.3
6
9.7
10
93
.365
.311
.403
.374
.635
.485
.423
.378
4
89.7
87.6
20
Graphs
253

Palacios, Richie
220
1281
17.2
44
35
28
10
6
2
0
2
7
15.9
8
18.2
16
79
.286
.265
.432
.415
.514
.405
.412
.370
1
89.8
89.2
18
Graphs
254

Herrera, Iván
218
1036
21.0
52
49
45
12
9
3
0
0
4
7.7
3
5.8
11
92
.245
.318
.288
.357
.306
.459
.265
.354
3
89.7
90.0
11
Graphs
255

Solano, Donovan
218
1273
17.1
44
39
33
7
6
0
0
1
6
13.6
4
9.1
13
85
.179
.225
.273
.313
.256
.378
.246
.306
2
89.7
88.4
21
Graphs
256

Vargas, Miguel
218
1009
21.6
54
47
42
9
3
3
0
3
5
9.3
7
13.0
22
109
.191
.220
.296
.321
.447
.477
.322
.344
5
89.7
86.8
19
Graphs
257

Rivera, Emmanuel
217
1151
18.9
49
42
35
13
9
2
2
0
8
16.3
3
6.1
17
96
.310
.291
.388
.386
.452
.385
.364
.361
2
89.4
92.5
9
Graphs
258

Edwards, Xavier
217
1185
18.3
51
45
39
19
11
5
2
1
7
13.7
5
9.8
16
99
.422
.294
.471
.361
.689
.391
.483
.332
1
89.9
91.0
10
Graphs
259

Pederson, Joc
217
1810
12.0
53
39
29
12
6
3
0
3
10
18.9
10
18.9
12
77
.308
.382
.481
.540
.615
.722
.466
.523
6
89.5
93.4
19
Graphs
260

Rojas, Miguel
217
1211
17.9
61
54
51
14
6
5
0
3
3
4.9
6
9.8
4
96
.259
.260
.344
.345
.519
.358
.370
.315
2
89.8
86.4
14
Graphs
261

Margot, Manuel
216
1308
16.5
53
46
43
11
5
4
0
2
3
5.7
7
13.2
13
89
.239
.324
.340
.415
.457
.547
.346
.412
3
89.8
92.2
15
Graphs
262

McKinstry, Zach
215
1249
17.2
52
45
39
14
10
2
1
1
6
11.5
7
13.5
12
87
.311
.334
.404
.423
.467
.500
.381
.402
3
90.0
87.6
15
Graphs
263

Duvall, Adam
214
1252
17.1
52
47
39
8
6
1
0
1
8
15.4
4
7.7
16
103
.170
.212
.250
.288
.255
.320
.232
.273
2
89.8
88.1
23
Graphs
264

Hayes, Ke'Bryan
213
1470
14.5
59
55
51
11
9
2
0
0
5
8.5
2
3.4
13
99
.200
.279
.237
.314
.236
.385
.213
.308
0
89.4
88.2
9
Graphs
265

Merrifield, Whit
212
1330
15.9
53
44
41
15
10
4
1
0
3
5.7
9
17.0
15
96
.341
.328
.453
.442
.477
.422
.408
.385
1
89.7
86.3
9
Graphs
266

DeLuca, Jonny
211
1345
15.7
61
54
45
7
7
0
0
0
9
14.8
6
9.8
17
106
.130
.229
.230
.317
.130
.349
.181
.299
2
89.7
86.2
22
Graphs
267

Amaya, Miguel
210
1291
16.3
58
57
55
21
13
2
1
5
2
3.4
1
1.7
13
113
.368
.372
.379
.383
.702
.654
.457
.440
5
89.7
88.1
9
Graphs
268

Kelly, Carson
209
1173
17.8
61
55
50
13
9
1
0
3
5
8.2
6
9.8
11
100
.236
.283
.311
.354
.418
.479
.319
.361
2
89.7
88.8
14
Graphs
269

LeMahieu, DJ
209
845
24.7
51
42
41
11
9
2
0
0
3
5.9
6
11.8
9
77
.262
.336
.353
.418
.310
.478
.300
.388
2
89.9
91.7
2
Graphs
270

Rosario, Amed
208
1210
17.2
53
50
40
13
8
3
2
0
10
18.9
3
5.7
29
105
.260
.279
.302
.320
.400
.387
.303
.309
2
89.4
90.0
7
Graphs
271

Estrada, Thairo
208
1309
15.9
66
62
57
24
15
5
1
3
5
7.6
1
1.5
12
109
.387
.358
.424
.397
.645
.580
.456
.418
6
89.3
89.7
13
Graphs
272

Refsnyder, Rob
207
1202
17.2
53
49
46
24
13
6
0
5
3
5.7
4
7.5
12
98
.490
.341
.528
.391
.918
.634
.604
.431
6
89.8
91.2
16
Graphs
273

Laureano, Ramón
207
1180
17.5
55
50
38
15
11
1
0
3
12
21.8
3
5.5
25
103
.300
.295
.364
.359
.500
.521
.375
.378
5
89.7
87.7
14
Graphs
274

Jiménez, Eloy
206
1201
17.2
69
60
56
16
8
4
0
4
5
7.2
8
11.6
10
102
.267
.287
.348
.366
.533
.544
.374
.384
8
89.8
94.3
12
Graphs
275

Lowe, Brandon
206
1624
12.7
57
53
41
17
9
3
1
4
12
21.1
4
7.0
32
109
.321
.346
.368
.392
.642
.682
.425
.450
7
89.9
93.3
12
Graphs
276

Grichuk, Randal
205
1088
18.8
54
51
48
16
7
2
2
5
3
5.6
2
3.7
11
105
.314
.333
.352
.370
.725
.744
.448
.464
8
89.5
94.4
20
Graphs
277

Crow-Armstrong, Pete
205
1421
14.4
62
56
49
19
12
4
2
1
8
12.9
4
6.5
25
125
.339
.280
.387
.339
.536
.410
.392
.330
3
89.1
90.4
20
Graphs
278

Campusano, Luis
204
1025
19.9
51
48
48
12
8
1
0
3
0
0.0
3
5.9
17
99
.250
.289
.294
.333
.458
.445
.324
.337
3
89.5
87.1
9
Graphs
279

Brown, Seth
204
1552
13.1
56
48
43
13
7
4
1
1
5
8.9
6
10.7
19
98
.271
.242
.375
.350
.458
.409
.364
.335
2
89.8
89.9
22
Graphs
280

Suwinski, Jack
203
1114
18.2
45
39
31
9
5
2
0
2
8
17.8
6
13.3
20
94
.231
.229
.333
.332
.436
.425
.337
.331
2
89.2
89.4
7
Graphs
281

Bruján, Vidal
200
1055
19.0
50
47
39
13
8
3
0
2
8
16.0
3
6.0
22
100
.277
.279
.320
.323
.468
.420
.340
.321
2
89.8
86.6
16
Graphs
282

Flores, Wilmer
199
964
20.6
52
46
44
7
2
3
0
2
3
5.8
4
7.7
6
89
.152
.217
.231
.296
.348
.428
.252
.316
3
89.4
82.7
25
Graphs
283

Ibáñez, Andy
199
917
21.7
47
43
33
12
7
2
1
2
10
21.3
3
6.4
26
91
.279
.221
.340
.288
.512
.359
.365
.285
3
89.8
91.2
14
Graphs
284

Sánchez, Gary
198
1158
17.1
47
44
44
15
10
0
0
5
1
2.1
2
4.3
13
81
.341
.323
.362
.345
.682
.606
.435
.397
3
90.0
90.2
16
Graphs
285

Bichette, Bo
198
1186
16.7
52
49
44
6
4
2
0
0
5
9.6
3
5.8
9
106
.122
.273
.173
.315
.163
.414
.156
.315
1
89.8
90.9
6
Graphs
286

Higashioka, Kyle
197
1062
18.5
49
47
41
12
8
1
0
3
6
12.2
2
4.1
14
83
.255
.304
.286
.333
.468
.574
.323
.385
4
89.8
90.3
17
Graphs
287

Vázquez, Christian
196
1141
17.2
53
49
44
8
7
1
0
0
7
13.2
2
3.8
13
96
.163
.237
.189
.265
.184
.349
.166
.268
1
89.6
87.9
18
Graphs
288

Hamilton, David
196
1190
16.5
53
48
43
11
7
2
0
2
5
9.4
5
9.4
10
87
.229
.310
.302
.375
.396
.464
.306
.364
4
89.8
91.5
16
Graphs
289

Alvarez, Francisco
194
1331
14.6
46
39
33
14
11
1
0
2
6
13.0
7
15.2
17
80
.359
.272
.457
.383
.538
.434
.432
.361
2
89.4
94.0
2
Graphs
290

Loperfido, Joey
193
1003
19.2
47
42
30
12
10
1
0
1
12
25.5
5
10.6
37
105
.286
.219
.362
.302
.381
.319
.331
.279
0
89.6
89.1
12
Graphs
291

Moniak, Mickey
193
1534
12.6
52
48
37
7
5
1
0
1
11
21.2
3
5.8
24
104
.146
.163
.212
.228
.229
.275
.202
.225
2
89.5
82.2
23
Graphs
292

Rortvedt, Ben
193
1357
14.2
51
46
35
13
12
1
0
0
11
21.6
2
3.9
14
84
.283
.216
.353
.293
.304
.254
.301
.254
0
89.8
85.3
10
Graphs
293

Brennan, Will
192
1230
15.6
42
38
36
12
8
4
0
0
2
4.8
4
9.5
12
84
.316
.361
.381
.422
.421
.509
.353
.403
2
89.9
90.6
11
Graphs
294

Bart, Joey
191
1127
16.9
49
45
35
11
8
1
0
2
10
20.4
2
4.1
15
80
.244
.254
.306
.315
.400
.431
.311
.325
2
89.4
87.5
17
Graphs
295

Correa, Carlos
190
1375
13.8
44
37
35
14
10
2
0
2
3
6.8
6
13.6
10
69
.378
.354
.455
.435
.595
.578
.445
.428
3
90.0
90.8
9
Graphs
296

Rengifo, Luis
190
1084
17.5
58
53
47
17
13
2
0
2
6
10.3
4
6.9
17
115
.321
.268
.379
.331
.472
.384
.372
.314
2
89.9
81.8
10
Graphs
297

Acuña Jr., Ronald
189
905
20.9
39
33
23
7
4
2
0
1
10
25.6
5
12.8
26
81
.212
.275
.333
.387
.364
.591
.314
.413
5
90.0
91.0
13
Graphs
298

Yepez, Juan
188
966
19.5
38
34
30
12
7
3
0
2
4
10.5
3
7.9
19
93
.353
.279
.421
.355
.618
.505
.443
.371
4
89.5
89.8
8
Graphs
299

Kiermaier, Kevin
187
1020
18.3
46
41
35
9
6
1
0
2
7
15.2
4
8.7
29
103
.220
.246
.283
.319
.390
.389
.291
.315
1
89.7
90.9
10
Graphs
300

Duran, Ezequiel
186
1011
18.4
48
43
35
10
8
2
0
0
8
16.7
3
6.3
20
97
.233
.190
.313
.274
.279
.289
.272
.256
1
89.5
87.5
15
Graphs
301

Anderson, Tim
185
945
19.6
39
39
30
12
11
1
0
0
9
23.1
0
0.0
26
97
.308
.287
.308
.287
.333
.403
.281
.298
2
89.7
85.0
-1
Graphs
302

McCormick, Chas
184
1010
18.2
45
40
32
8
7
0
1
0
8
17.8
4
8.9
21
93
.200
.220
.289
.307
.250
.336
.250
.287
1
89.7
86.4
7
Graphs
303

Fletcher, Dominic
184
900
20.4
41
37
31
5
4
1
0
0
6
14.6
3
7.3
10
82
.135
.186
.200
.247
.162
.219
.171
.214
0
89.6
81.8
9
Graphs
304

Calhoun, Willie
184
958
19.2
42
38
38
7
4
3
0
0
0
0.0
3
7.1
4
84
.184
.286
.262
.354
.263
.371
.240
.323
1
90.0
85.8
18
Graphs
305

Carlson, Dylan
183
1110
16.5
43
35
33
6
4
2
0
0
4
9.3
6
14.0
20
92
.171
.184
.279
.291
.229
.328
.237
.277
2
89.7
87.7
23
Graphs
306

Stallings, Jacob
182
1073
17.0
39
31
24
10
6
3
1
0
7
17.9
5
12.8
24
83
.323
.233
.462
.391
.484
.355
.417
.344
1
89.7
85.9
12
Graphs
307

Vargas, Ildemaro
182
1058
17.2
47
41
40
10
6
3
0
1
2
4.3
5
10.6
6
81
.244
.296
.319
.365
.390
.403
.310
.336
1
89.8
89.8
12
Graphs
308

Grisham, Trent
178
854
20.8
41
35
27
9
3
4
0
2
8
19.5
5
12.2
11
60
.257
.211
.366
.326
.543
.402
.388
.322
2
89.6
93.6
21
Graphs
309

Taylor, Michael A.
178
1202
14.8
31
27
19
8
6
2
0
0
9
29.0
3
9.7
25
86
.296
.282
.355
.343
.370
.362
.318
.312
1
89.8
88.3
9
Graphs
310

Walls, Taylor
178
1028
17.3
41
35
29
10
7
2
0
1
6
14.6
6
14.6
10
75
.286
.277
.390
.382
.429
.393
.363
.349
1
89.7
86.0
28
Graphs
311

Pillar, Kevin
177
1206
14.7
40
35
32
11
7
3
0
1
4
10.0
3
7.5
20
86
.314
.309
.375
.379
.486
.488
.369
.375
1
90.1
89.4
20
Graphs
312

McCann, James
176
875
20.1
39
36
34
12
10
0
0
2
3
7.7
2
5.1
21
86
.333
.350
.359
.375
.500
.599
.367
.408
2
89.9
88.7
12
Graphs
313

Wallner, Matt
176
1030
17.1
34
28
20
11
7
2
0
2
8
23.5
3
8.8
21
73
.393
.367
.500
.478
.679
.722
.500
.500
5
89.6
91.3
21
Graphs
314

Ahmed, Nick
175
851
20.6
48
44
36
12
9
1
0
2
8
16.7
4
8.3
20
98
.273
.221
.333
.286
.432
.346
.334
.280
2
89.0
85.7
18
Graphs
315

Grandal, Yasmani
174
952
18.3
39
35
28
9
7
2
0
0
7
17.9
4
10.3
10
59
.257
.265
.333
.341
.314
.420
.293
.333
2
89.3
92.6
17
Graphs
316

Mateo, Jorge
173
820
21.1
36
29
26
12
6
5
0
1
4
11.1
6
16.7
11
75
.414
.362
.500
.459
.690
.595
.493
.444
2
89.6
93.4
12
Graphs
317

Jiménez, Leo
173
847
20.4
39
34
25
8
3
2
0
3
10
25.6
2
5.1
14
68
.235
.248
.308
.319
.559
.514
.362
.351
5
89.3
90.6
17
Graphs
318

Sosa, Edmundo
173
1050
16.5
49
42
36
13
7
3
1
2
6
12.2
5
10.2
22
88
.310
.327
.408
.423
.571
.656
.419
.453
7
90.0
95.0
10
Graphs
319

Buxton, Byron
173
1458
11.9
51
45
36
18
9
6
1
2
10
19.6
3
5.9
25
99
.400
.346
.451
.406
.711
.690
.484
.455
8
89.6
93.1
7
Graphs
320

Meneses, Joey
171
1142
15.0
52
49
42
14
12
2
0
0
8
15.4
2
3.8
12
80
.286
.239
.308
.278
.327
.336
.278
.275
1
89.8
90.8
4
Graphs
321

Trevino, Jose
171
896
19.1
45
39
36
13
8
0
0
5
3
6.7
6
13.3
8
62
.333
.287
.422
.382
.718
.551
.476
.398
5
89.8
88.8
10
Graphs
322

Robles, Victor
171
1020
16.8
50
42
41
17
12
3
0
2
1
2.0
4
8.0
13
89
.405
.350
.500
.454
.619
.582
.482
.446
3
89.4
87.3
16
Graphs
323

Lewis, Royce
170
1233
13.8
34
26
20
3
1
0
0
2
7
20.6
7
20.6
22
79
.115
.178
.294
.351
.346
.348
.288
.319
3
89.8
87.5
15
Graphs
324

Lipscomb, Trey
170
780
21.8
41
37
35
8
6
1
0
1
2
4.9
4
9.8
10
87
.216
.296
.293
.365
.324
.447
.277
.355
1
89.7
89.7
4
Graphs
325

Gordon, Nick
170
1008
16.9
45
40
37
7
5
0
0
2
3
6.7
4
8.9
22
92
.175
.196
.267
.285
.325
.273
.266
.256
0
89.9
86.3
8
Graphs
326

Heyward, Jason
170
1024
16.6
36
31
28
8
5
1
1
1
3
8.3
3
8.3
10
67
.258
.304
.361
.401
.452
.455
.356
.377
1
89.7
88.6
18
Graphs
327

Newman, Kevin
170
1070
15.9
47
47
42
16
10
4
1
1
5
10.6
0
0.0
8
82
.340
.323
.340
.323
.532
.466
.372
.339
2
89.6
88.9
9
Graphs
328

Muncy, Max
168
1208
13.9
42
31
31
13
4
8
0
1
2
4.8
8
19.0
9
71
.419
.389
.524
.506
.774
.655
.520
.484
2
89.8
94.3
27
Graphs
329

Senzel, Nick
167
1005
16.6
50
43
35
9
4
3
0
2
8
16.0
7
14.0
9
77
.209
.225
.320
.333
.419
.410
.324
.327
4
89.9
84.5
15
Graphs
330

Wisely, Brett
166
988
16.8
39
37
31
9
6
3
0
0
7
17.9
1
2.6
11
79
.243
.216
.256
.233
.324
.321
.250
.238
2
89.5
87.3
14
Graphs
331

Taylor, Chris
166
1046
15.9
45
39
32
11
8
2
1
0
7
15.6
6
13.3
18
83
.282
.314
.378
.405
.385
.483
.340
.388
3
89.8
85.8
16
Graphs
332

Carpenter, Kerry
165
1131
14.6
38
35
29
13
7
3
0
3
6
15.8
2
5.3
21
82
.371
.360
.405
.394
.714
.755
.472
.480
6
89.8
92.9
20
Graphs
333

Caratini, Victor
163
1039
15.7
35
29
26
12
8
4
0
0
3
8.6
6
17.1
16
66
.414
.341
.514
.454
.552
.476
.463
.408
1
89.7
90.0
12
Graphs
334

Farmer, Kyle
163
882
18.5
44
41
37
10
6
3
0
1
4
9.1
3
6.8
9
78
.244
.286
.295
.334
.390
.480
.299
.350
2
89.5
90.7
22
Graphs
335

Ramírez, Harold
163
878
18.6
39
37
29
10
9
0
1
0
8
20.5
2
5.1
20
82
.270
.232
.308
.271
.324
.373
.280
.278
3
89.7
88.8
8
Graphs
336

Tena, José
163
673
24.2
38
35
32
8
7
1
0
0
3
7.9
3
7.9
12
82
.229
.264
.289
.322
.257
.419
.250
.322
2
89.7
93.0
12
Graphs
337

Andujar, Miguel
162
1176
13.8
51
48
46
19
15
3
0
1
2
3.9
3
5.9
9
81
.396
.307
.431
.348
.521
.424
.414
.337
2
89.6
85.9
12
Graphs
338

Julien, Edouard
162
1235
13.1
49
41
31
7
4
0
0
3
10
20.4
7
14.3
14
67
.171
.234
.306
.359
.390
.416
.311
.343
2
90.0
88.2
12
Graphs
339

Martin, Austin
160
934
17.1
43
41
37
8
5
3
0
0
4
9.3
2
4.7
9
75
.195
.264
.233
.298
.268
.395
.222
.300
1
89.7
86.9
16
Graphs
340

Rosario, Eddie
159
1187
13.4
43
39
31
11
6
2
0
3
10
23.3
2
4.7
22
88
.282
.228
.302
.256
.564
.383
.356
.273
2
89.1
94.3
14
Graphs
341

Jung, Josh
159
693
22.9
39
35
34
13
11
2
0
0
2
5.1
3
7.7
17
77
.371
.255
.410
.306
.429
.342
.366
.285
0
90.0
87.1
15
Graphs
342

Mitchell, Garrett
158
891
17.7
31
27
17
11
8
2
0
1
10
32.3
4
12.9
12
53
.407
.324
.484
.411
.593
.485
.464
.391
2
90.1
96.6
4
Graphs
343

Stewart, DJ
158
765
20.7
31
29
26
8
7
0
0
1
3
9.7
2
6.5
13
63
.276
.283
.323
.329
.379
.426
.310
.328
1
89.6
90.3
25
Graphs
344

Hampson, Garrett
157
883
17.8
31
28
25
12
7
5
0
0
3
9.7
3
9.7
14
71
.429
.392
.484
.451
.607
.568
.468
.439
1
89.7
92.1
11
Graphs
345

Cameron, Daz
155
715
21.7
33
30
28
9
5
1
1
2
2
6.1
3
9.1
9
71
.300
.303
.364
.366
.600
.552
.407
.393
3
89.7
93.2
4
Graphs
346

Peralta, David
155
1014
15.3
32
28
23
7
4
1
0
2
5
15.6
3
9.4
14
73
.250
.257
.344
.350
.500
.489
.365
.362
3
89.9
87.0
11
Graphs
347

Iglesias, Jose
155
1075
14.4
42
36
32
12
9
3
0
0
4
9.5
4
9.5
5
65
.333
.343
.429
.437
.417
.440
.378
.391
0
89.6
86.9
11
Graphs
348

Pagés, Pedro
153
849
18.0
37
34
30
6
6
0
0
0
4
10.8
3
8.1
12
76
.176
.206
.243
.271
.176
.272
.199
.245
0
89.8
88.1
21
Graphs
349

Malloy, Justyn-Henry
152
992
15.3
34
26
18
4
2
0
0
2
9
26.5
6
17.6
21
61
.154
.213
.324
.371
.385
.403
.315
.344
2
89.9
84.9
10
Graphs
350

Pache, Cristian
151
753
20.1
34
30
22
9
5
3
1
0
8
23.5
4
11.8
15
64
.300
.242
.382
.331
.467
.415
.368
.327
1
89.9
92.5
13
Graphs
351

Montero, Elehuris
151
923
16.4
33
28
27
7
4
2
0
1
1
3.0
5
15.2
11
71
.250
.243
.364
.358
.429
.494
.349
.367
3
89.6
93.8
15
Graphs
352

Murphy, Sean
151
1065
14.2
37
32
26
3
2
0
0
1
6
16.2
4
10.8
16
64
.094
.192
.216
.301
.188
.314
.197
.279
1
89.7
86.5
11
Graphs
353

Fairchild, Stuart
150
853
17.6
46
44
38
9
4
3
0
2
6
13.0
2
4.3
23
85
.205
.269
.239
.301
.409
.502
.278
.340
4
89.6
88.5
19
Graphs
354

Biggio, Cavan
149
955
15.6
33
31
21
4
3
1
0
0
10
30.3
2
6.1
7
65
.129
.160
.182
.211
.161
.219
.160
.196
0
89.3
83.1
18
Graphs
355

Rendon, Anthony
148
977
15.1
30
27
25
9
7
2
0
0
3
10.0
2
6.7
4
54
.333
.285
.367
.328
.407
.388
.335
.313
1
90.0
90.3
11
Graphs
356

Velázquez, Nelson
147
903
16.3
39
36
29
14
10
2
0
2
7
17.9
3
7.7
24
73
.389
.331
.436
.382
.611
.605
.449
.418
3
89.2
90.9
23
Graphs
357

Barger, Addison
144
859
16.8
33
30
24
9
6
2
0
1
7
21.2
1
3.0
23
73
.300
.255
.333
.294
.467
.492
.341
.329
4
89.6
90.2
20
Graphs
358

Julks, Corey
144
767
18.8
36
35
24
13
8
4
0
1
11
30.6
1
2.8
12
72
.371
.277
.389
.297
.571
.444
.411
.317
2
90.2
88.3
11
Graphs
359

Gallo, Joey
143
1075
13.3
38
31
23
8
2
2
0
4
8
21.1
7
18.4
16
73
.258
.275
.395
.409
.710
.735
.455
.467
7
89.5
93.6
29
Graphs
360

Schneemann, Daniel
143
901
15.9
32
23
16
4
4
0
0
0
7
21.9
9
28.1
16
57
.174
.162
.406
.397
.174
.204
.304
.306
0
89.7
86.5
13
Graphs
361

Marte, Noelvi
142
882
16.1
36
32
28
7
4
3
0
0
4
11.1
3
8.3
11
70
.219
.307
.306
.384
.313
.582
.280
.411
3
89.2
90.7
18
Graphs
362

Hays, Austin
140
845
16.6
35
35
32
10
9
1
0
0
3
8.6
0
0.0
13
66
.286
.315
.286
.315
.314
.467
.263
.334
4
89.8
86.7
17
Graphs
363

Gonzalez, Romy
140
826
16.9
33
27
22
7
4
2
0
1
6
18.2
4
12.1
14
74
.259
.258
.364
.378
.444
.488
.350
.380
3
89.7
91.1
5
Graphs
364

Crews, Dylan
139
520
26.7
36
29
28
8
5
1
1
1
2
5.6
5
13.9
4
58
.276
.320
.389
.430
.483
.508
.374
.405
2
89.1
90.7
12
Graphs
365

Rice, Ben
138
724
19.1
34
24
19
5
1
1
0
3
7
20.6
8
23.5
15
62
.208
.270
.382
.429
.625
.727
.406
.458
4
90.0
93.5
23
Graphs
366

Maldonado, Martín
138
556
24.8
33
33
25
4
3
0
0
1
8
24.2
0
0.0
18
70
.121
.157
.121
.157
.212
.383
.142
.224
3
89.8
87.2
22
Graphs
367

Casas, Triston
137
991
13.8
32
26
19
8
5
1
0
2
7
21.9
6
18.8
13
59
.308
.294
.438
.426
.577
.654
.434
.452
3
89.6
92.1
12
Graphs
368

Maile, Luke
137
637
21.5
35
30
25
8
4
2
0
2
6
17.1
4
11.4
16
58
.267
.213
.343
.300
.533
.378
.368
.296
2
89.6
89.4
12
Graphs
369

Goodman, Hunter
136
828
16.4
27
25
23
6
2
1
0
3
2
7.4
2
7.4
13
74
.240
.345
.296
.394
.640
.737
.391
.468
5
89.9
92.4
28
Graphs
370

Martini, Nick
135
625
21.6
36
31
29
6
3
1
0
2
3
8.3
3
8.3
9
67
.194
.242
.278
.339
.419
.430
.300
.342
2
89.1
84.6
15
Graphs
371

Báez, Javier
134
1028
13.0
32
31
29
5
2
2
0
1
2
6.3
1
3.1
8
56
.161
.249
.188
.273
.323
.450
.219
.308
2
90.0
92.5
19
Graphs
372

Guillorme, Luis
133
802
16.6
20
17
16
7
6
1
0
0
1
5.0
3
15.0
3
39
.412
.300
.500
.405
.471
.353
.431
.347
0
89.7
79.7
4
Graphs
373

Stubbs, Garrett
132
746
17.7
33
27
23
9
8
1
0
0
4
12.1
5
15.2
9
65
.333
.332
.455
.453
.370
.404
.378
.388
0
89.5
79.6
22
Graphs
374

Stowers, Kyle
132
819
16.1
34
31
25
6
2
2
1
1
7
20.6
2
5.9
24
78
.194
.249
.235
.304
.419
.466
.273
.347
4
89.9
90.6
21
Graphs
375

Valdez, Enmanuel
130
919
14.1
26
23
19
5
4
1
0
0
4
15.4
3
11.5
12
54
.217
.307
.308
.387
.261
.546
.263
.401
2
90.2
92.0
9
Graphs
376

Holliday, Jackson
128
826
15.5
34
33
25
8
4
2
0
2
8
23.5
1
2.9
20
66
.242
.271
.265
.292
.485
.564
.318
.362
4
89.7
88.7
9
Graphs
377

Norby, Connor
126
759
16.6
28
24
18
8
5
0
0
3
6
21.4
4
14.3
15
63
.333
.294
.429
.395
.708
.631
.475
.427
2
89.4
92.5
24
Graphs
378

Lee, Jung Hoo
125
569
22.0
32
28
26
5
4
1
0
0
3
9.4
3
9.4
5
47
.179
.222
.250
.288
.214
.363
.214
.283
1
89.5
90.7
19
Graphs
379

Monasterio, Andruw
125
647
19.3
27
26
20
5
4
1
0
0
6
22.2
1
3.7
9
49
.192
.247
.222
.274
.231
.420
.203
.298
3
89.9
90.6
17
Graphs
380

Hill, Derek
124
609
20.4
33
29
25
9
3
1
1
4
4
12.1
4
12.1
11
58
.310
.370
.394
.446
.828
.785
.498
.509
7
89.7
92.7
16
Graphs
381

Hedges, Austin
123
547
22.5
38
32
23
4
3
0
0
1
10
26.3
4
10.5
23
75
.125
.133
.237
.244
.219
.206
.215
.214
0
89.3
84.9
29
Graphs
382

Thaiss, Matt
122
754
16.2
30
29
25
7
2
4
0
1
4
13.3
1
3.3
21
69
.241
.204
.267
.230
.483
.396
.317
.265
1
89.5
85.8
16
Graphs
383

Carter, Evan
117
648
18.1
32
31
25
7
4
1
1
1
6
18.8
1
3.1
5
53
.226
.258
.250
.282
.419
.357
.285
.277
1
89.4
83.1
18
Graphs
384

Olivares, Edward
115
768
15.0
26
23
22
7
5
1
0
1
1
3.8
3
11.5
15
64
.304
.308
.385
.388
.478
.505
.376
.387
2
89.4
93.5
0
Graphs
385

Jankowski, Travis
114
819
13.9
30
25
22
6
6
0
0
0
3
10.0
3
10.0
7
50
.240
.191
.367
.326
.240
.226
.293
.267
0
89.9
84.7
4
Graphs
386

Baty, Brett
114
676
16.9
30
28
19
10
7
2
0
1
9
30.0
1
3.3
8
52
.357
.287
.400
.334
.536
.479
.405
.350
2
89.5
92.7
19
Graphs
387

Hilliard, Sam
113
648
17.4
23
20
14
9
5
2
0
2
6
26.1
3
13.0
13
53
.450
.330
.522
.418
.850
.605
.569
.431
2
89.4
95.6
11
Graphs
388

Mendick, Danny
112
540
20.7
24
23
18
6
3
2
0
1
5
20.8
1
4.2
14
51
.261
.277
.292
.307
.478
.470
.329
.334
1
89.9
90.5
10
Graphs
389

Urías, Luis
112
452
24.8
25
18
14
7
2
3
0
2
4
16.0
6
24.0
9
48
.389
.325
.560
.514
.889
.817
.579
.535
4
90.0
91.3
25
Graphs
390

Loftin, Nick
112
626
17.9
39
36
35
7
6
1
0
0
2
5.1
2
5.1
0
47
.194
.233
.231
.267
.222
.293
.203
.246
0
89.7
84.2
7
Graphs
391

Wisdom, Patrick
112
701
16.0
28
28
16
4
4
0
0
0
12
42.9
0
0.0
18
63
.143
.135
.143
.135
.143
.190
.126
.139
0
90.3
91.9
29
Graphs
392

Hernaiz, Darell
111
510
21.8
30
28
24
6
5
0
0
1
4
13.3
2
6.7
9
48
.214
.300
.267
.347
.321
.412
.261
.332
1
89.4
91.0
20
Graphs
393

Beck, Jordan
110
659
16.7
35
33
23
8
8
0
0
0
10
28.6
2
5.7
14
60
.242
.301
.286
.341
.242
.365
.241
.313
0
89.5
86.4
14
Graphs
394

Kirilloff, Alex
110
677
16.2
30
27
23
7
3
1
1
2
5
16.7
2
6.7
12
56
.259
.316
.300
.355
.593
.571
.366
.390
2
89.8
93.2
14
Graphs
395

Noel, Jhonkensy
109
725
15.0
28
25
20
8
5
1
0
2
5
17.9
1
3.6
12
58
.320
.281
.393
.358
.600
.587
.425
.400
3
89.6
88.3
5
Graphs
396

Abreu, José
107
486
22.0
17
14
11
1
1
0
0
0
4
23.5
1
5.9
15
51
.071
.096
.176
.205
.071
.119
.135
.170
0
89.7
86.7
17
Graphs
397

Alexander, Blaze
107
714
15.0
24
19
15
8
7
0
0
1
4
16.7
5
20.8
8
55
.421
.292
.542
.439
.579
.498
.486
.410
2
89.5
92.8
6
Graphs
398

Bryant, Kris
106
608
17.4
26
21
17
5
3
1
0
1
4
15.4
4
15.4
10
47
.238
.150
.385
.314
.429
.267
.363
.277
1
89.9
81.5
18
Graphs
399

Walker, Jordan
105
669
15.7
28
27
21
6
3
1
1
1
6
21.4
0
0.0
10
52
.222
.203
.250
.231
.444
.335
.295
.247
1
90.0
90.0
1
Graphs
400

Encarnacion, Jerar
103
490
21.0
21
21
15
8
5
2
0
1
6
28.6
0
0.0
10
41
.381
.407
.381
.407
.619
.684
.427
.463
2
89.7
100.5
10
Graphs
401

Aranda, Jonathan
102
573
17.8
25
22
18
4
3
1
0
0
4
16.0
2
8.0
11
45
.182
.368
.280
.444
.227
.677
.240
.472
4
89.6
93.9
8
Graphs
402

Chaparro, Andrés
102
525
19.4
31
31
26
6
2
4
0
0
5
16.1
0
0.0
11
63
.194
.308
.194
.308
.323
.544
.219
.362
4
89.7
91.2
21
Graphs
403

Jackson, Alex
102
626
16.3
18
14
10
2
0
1
0
1
5
27.8
2
11.1
16
51
.143
.172
.278
.325
.429
.376
.300
.342
3
89.9
90.0
19
Graphs
404

Grissom, Vaughn
99
443
22.3
30
28
23
5
4
1
0
0
5
16.7
2
6.7
6
44
.179
.281
.233
.329
.214
.350
.205
.302
1
89.9
84.3
7
Graphs
405

Casali, Curt
97
476
20.4
27
26
24
7
5
1
0
1
2
7.4
0
0.0
7
51
.269
.244
.296
.272
.423
.324
.312
.264
0
89.6
84.7
13
Graphs
406

McGuire, Reese
97
609
15.9
30
26
22
6
2
1
0
3
4
13.3
3
10.0
7
38
.231
.240
.333
.341
.615
.527
.398
.371
3
90.2
87.4
15
Graphs
407

Martínez, Angel
96
677
14.2
21
20
17
4
4
0
0
0
3
14.3
1
4.8
10
54
.200
.185
.238
.224
.200
.235
.201
.208
0
89.3
85.9
18
Graphs
408

McCann, Kyle
95
636
14.9
21
18
13
4
3
0
0
1
5
23.8
3
14.3
19
47
.222
.222
.333
.333
.389
.339
.322
.305
1
89.6
84.3
12
Graphs
409

Stefanic, Michael
94
482
19.5
19
19
15
3
2
1
0
0
4
21.1
0
0.0
4
37
.158
.190
.158
.190
.211
.254
.159
.191
0
89.7
87.7
14
Graphs
410

Lee, Brooks
94
614
15.3
28
26
26
7
3
2
0
2
1
3.6
1
3.6
6
46
.269
.337
.286
.360
.577
.557
.355
.399
2
89.7
87.8
22
Graphs
411

Outman, James
92
634
14.5
25
20
13
4
3
1
0
0
7
28.0
4
16.0
11
43
.200
.242
.360
.394
.250
.366
.295
.347
1
89.8
89.4
11
Graphs
412

Trout, Mike
92
574
16.0
12
11
11
2
0
0
0
2
0
0.0
1
8.3
4
32
.182
.391
.250
.442
.727
1.073
.399
.610
3
90.0
90.6
27
Graphs
413

Mead, Curtis
92
471
19.5
27
25
21
5
4
1
0
0
4
14.8
1
3.7
9
47
.200
.254
.259
.309
.240
.471
.229
.335
2
89.5
92.6
13
Graphs
414

Wade, Tyler
91
587
15.5
21
18
16
4
3
1
0
0
2
9.5
2
9.5
5
39
.222
.236
.333
.345
.278
.336
.286
.311
1
90.1
84.9
20
Graphs
415

Baldwin, Brooks
91
426
21.4
19
18
17
6
4
1
0
1
1
5.3
1
5.3
12
51
.333
.294
.368
.331
.556
.515
.396
.362
1
90.4
86.3
27
Graphs
416

Carpenter, Matt
91
669
13.6
23
19
15
7
5
1
0
1
4
17.4
4
17.4
13
40
.368
.226
.478
.361
.579
.382
.455
.334
1
89.8
81.3
34
Graphs
417

Soderstrom, Tyler
90
770
11.7
25
20
19
6
3
0
0
3
1
4.0
4
16.0
8
40
.300
.309
.440
.447
.750
.754
.491
.493
3
90.3
90.1
15
Graphs
418

Noda, Ryan
90
499
18.0
15
12
9
2
1
1
0
0
3
20.0
3
20.0
10
38
.167
.143
.333
.314
.250
.305
.280
.288
0
89.6
85.8
13
Graphs
419

Arias, Gabriel
90
578
15.6
20
19
13
5
3
0
0
2
6
30.0
1
5.0
11
47
.263
.247
.300
.285
.579
.538
.372
.345
2
89.7
92.0
24
Graphs
420

Ramos, Bryan
89
418
21.3
19
18
18
8
4
2
0
2
0
0.0
1
5.3
5
37
.444
.406
.474
.438
.889
.711
.570
.487
3
89.5
95.8
13
Graphs
421

Herrera, Jose
89
501
17.8
14
12
8
0
0
0
0
0
4
28.6
2
14.3
5
28
.000
.113
.143
.240
.000
.199
.098
.212
0
89.8
86.9
-1
Graphs
422

Matos, Luis
86
544
15.8
23
23
20
7
5
1
0
1
3
13.0
0
0.0
5
45
.304
.247
.304
.247
.478
.380
.335
.268
1
89.4
85.4
22
Graphs
423

Cooper, Garrett
85
450
18.9
17
17
12
3
1
1
1
0
5
29.4
0
0.0
13
41
.176
.323
.176
.323
.353
.487
.219
.349
1
89.9
87.3
22
Graphs
424

Canzone, Dominic
85
696
12.2
16
15
11
6
4
0
0
2
4
25.0
1
6.3
9
38
.400
.399
.438
.436
.800
.820
.520
.520
2
89.3
91.1
10
Graphs
425

Bethancourt, Christian
85
516
16.5
25
23
18
4
2
0
0
2
5
20.0
2
8.0
10
50
.174
.257
.240
.317
.435
.533
.290
.359
4
89.8
93.3
19
Graphs
426

Caminero, Junior
82
629
13.0
25
24
24
8
7
0
0
1
0
0.0
1
4.0
5
34
.333
.302
.360
.330
.458
.491
.356
.353
3
89.8
90.2
10
Graphs
427

Edman, Tommy
82
567
14.5
28
28
28
7
4
3
0
0
0
0.0
0
0.0
2
42
.250
.248
.250
.248
.357
.332
.260
.251
0
89.9
85.1
26
Graphs
428

Dunn, Oliver
81
418
19.4
18
17
10
3
3
0
0
0
7
38.9
1
5.6
12
41
.176
.147
.222
.195
.176
.200
.185
.178
0
89.9
90.5
13
Graphs
429

Blanco, Dairon
81
459
17.6
20
15
12
2
1
0
0
1
3
15.0
4
20.0
11
41
.133
.255
.350
.441
.333
.669
.320
.461
2
90.4
91.8
19
Graphs
430

Short, Zack
79
391
20.2
21
17
13
1
1
0
0
0
4
19.0
4
19.0
6
31
.059
.131
.238
.296
.059
.161
.173
.233
0
89.7
84.6
20
Graphs
431

Nido, Tomás
79
506
15.6
22
19
19
4
2
1
0
1
2
9.1
1
4.5
13
43
.211
.262
.227
.301
.421
.598
.262
.377
3
89.4
88.5
20
Graphs
432

Adams, Riley
79
531
14.9
23
20
17
5
3
2
0
0
3
13.0
2
8.7
6
32
.250
.221
.348
.322
.350
.306
.315
.289
1
89.2
89.5
15
Graphs
433

Encarnacion-Strand, Christian
79
451
17.5
28
26
24
5
4
0
0
1
2
7.1
2
7.1
4
45
.192
.317
.250
.366
.308
.526
.248
.383
2
89.7
89.0
19
Graphs
434

Schmitt, Casey
78
374
20.9
24
24
21
7
2
1
0
4
3
12.5
0
0.0
7
41
.292
.288
.292
.288
.833
.739
.467
.425
4
89.6
88.5
24
Graphs
435

Call, Alex
77
493
15.6
14
13
10
4
2
2
0
0
3
21.4
1
7.1
8
30
.308
.196
.357
.253
.462
.402
.354
.281
1
89.4
91.9
32
Graphs
436

Scott II, Victor
77
568
13.6
18
16
15
3
2
0
0
1
2
11.1
1
5.6
8
41
.188
.214
.222
.248
.375
.338
.250
.250
1
90.2
85.5
34
Graphs
437

Bouchard, Sean
77
431
17.9
16
15
10
3
1
1
0
1
5
31.3
1
6.3
14
37
.200
.182
.250
.233
.467
.497
.305
.308
2
89.9
89.4
18
Graphs
438

Myers, Dane
77
425
18.1
20
17
11
5
4
1
0
0
6
30.0
3
15.0
8
30
.294
.216
.400
.333
.353
.254
.342
.277
0
89.8
91.5
6
Graphs
439

Sweeney, Trey
77
448
17.2
15
14
13
4
3
1
0
0
2
13.3
0
0.0
5
36
.286
.278
.267
.304
.357
.548
.260
.369
2
89.6
92.3
18
Graphs
440

Allen, Nick
76
356
21.3
24
23
17
2
1
1
0
0
6
25.0
1
4.2
6
37
.087
.140
.125
.176
.130
.175
.118
.159
0
89.6
80.6
10
Graphs
441

Davis, Henry
75
521
14.4
22
19
12
5
5
0
0
0
7
31.8
2
9.1
14
38
.263
.230
.333
.304
.263
.289
.276
.271
0
89.5
89.0
19
Graphs
442

Jung, Jace
75
386
19.4
15
14
11
3
2
1
0
0
3
20.0
1
6.7
8
31
.214
.188
.267
.242
.286
.328
.247
.249
1
89.6
86.3
16
Graphs
443

Torrens, Luis
74
510
14.5
18
17
15
4
3
0
0
1
3
16.7
0
0.0
4
32
.235
.336
.222
.336
.412
.586
.261
.391
1
89.6
90.9
14
Graphs
444

Nuñez, Nasim
74
327
22.6
15
10
9
4
3
1
0
0
1
6.7
5
33.3
5
26
.400
.289
.600
.526
.500
.355
.490
.416
0
89.8
88.7
9
Graphs
445

McCray, Grant
74
519
14.3
22
19
11
5
2
0
0
3
8
36.4
3
13.6
15
34
.263
.272
.364
.371
.737
.689
.454
.439
3
89.8
97.9
9
Graphs
446

Davis, J.D.
74
587
12.6
15
10
7
3
1
1
0
1
3
20.0
3
20.0
14
36
.300
.303
.533
.535
.700
.734
.513
.523
2
90.4
97.8
17
Graphs
447

Harris, Brett
74
493
15.0
13
10
8
0
0
0
0
0
2
15.4
3
23.1
7
27
.000
.180
.231
.369
.000
.212
.159
.289
0
89.4
85.1
27
Graphs
448

Azocar, José
73
291
25.1
15
13
8
2
2
0
0
0
5
33.3
2
13.3
14
46
.154
.250
.267
.350
.154
.294
.209
.298
0
89.2
96.1
12
Graphs
449

Manzardo, Kyle
73
636
11.5
15
14
12
3
1
1
0
1
2
13.3
1
6.7
4
29
.214
.208
.267
.261
.500
.286
.325
.244
0
90.1
84.4
5
Graphs
450

Wilson, Jacob
72
349
20.6
23
20
20
5
3
1
1
0
1
4.3
2
8.7
3
37
.250
.248
.304
.303
.400
.291
.299
.264
0
90.0
86.5
14
Graphs
451

Schunk, Aaron
72
371
19.4
20
20
18
8
8
0
0
0
2
10.0
0
0.0
4
46
.400
.320
.400
.320
.400
.361
.353
.299
0
89.2
85.9
1
Graphs
452

Barnes, Austin
71
593
12.0
22
20
16
7
4
2
0
1
4
18.2
2
9.1
7
37
.350
.321
.409
.383
.600
.570
.430
.407
2
89.6
91.5
15
Graphs
453

Florial, Estevan
70
450
15.6
16
13
8
1
0
1
0
0
5
31.3
2
12.5
13
33
.077
.150
.250
.310
.154
.192
.210
.251
0
89.7
85.8
13
Graphs
454

Sanó, Miguel
69
402
17.2
18
15
12
5
4
1
0
0
3
16.7
3
16.7
7
29
.333
.428
.444
.524
.400
.678
.380
.508
2
88.7
102.2
9
Graphs
455

Smith, Pavin
68
631
10.8
17
15
13
5
3
2
0
0
2
11.8
2
11.8
3
26
.333
.321
.412
.401
.467
.468
.384
.381
1
89.9
82.3
11
Graphs
456

Kjerstad, Heston
67
423
15.8
13
12
9
3
1
0
0
2
3
23.1
1
7.7
10
39
.250
.247
.308
.305
.750
.538
.436
.354
2
90.1
88.9
9
Graphs
457

Mastrobuoni, Miles
67
381
17.6
19
17
15
4
3
1
0
0
2
10.5
2
10.5
4
27
.235
.294
.316
.369
.294
.400
.278
.344
0
89.8
92.7
2
Graphs
458

Williams, Alika
67
336
19.9
16
15
12
3
0
3
0
0
3
18.8
1
6.3
3
29
.200
.217
.250
.266
.400
.348
.278
.268
1
89.7
89.7
21
Graphs
459

Reyes, Pablo
66
252
26.2
13
12
10
3
2
1
0
0
2
15.4
1
7.7
5
31
.250
.305
.308
.359
.333
.513
.285
.375
1
90.1
95.0
20
Graphs
460

Lukes, Nathan
66
356
18.5
12
10
9
1
1
0
0
0
1
8.3
2
16.7
3
34
.100
.185
.250
.321
.100
.225
.188
.263
0
90.3
87.3
22
Graphs
461

Wagner, Will
66
364
18.1
14
14
13
3
0
2
0
1
1
7.1
0
0.0
4
26
.214
.280
.214
.280
.571
.548
.326
.346
2
89.7
87.1
19
Graphs
462

Ruiz, Esteury
65
246
26.4
17
11
11
3
2
0
1
0
2
11.8
3
17.6
5
26
.273
.242
.412
.427
.455
.360
.361
.396
0
89.9
90.9
18
Graphs
463

Serven, Brian
65
258
25.2
15
14
11
2
0
2
0
0
3
20.0
1
6.7
6
30
.143
.118
.200
.177
.286
.242
.213
.186
0
89.9
93.1
46
Graphs
464

Vogelbach, Daniel
64
362
17.7
14
13
11
5
1
3
0
1
2
14.3
1
7.1
3
20
.385
.442
.429
.482
.846
.903
.527
.573
2
90.4
99.4
12
Graphs
465

Dalbec, Bobby
64
413
15.5
9
9
6
1
1
0
0
0
3
33.3
0
0.0
12
29
.111
.085
.111
.085
.111
.142
.098
.097
0
90.2
82.9
6
Graphs
466

Hurtubise, Jacob
64
281
22.8
11
8
6
2
2
0
0
0
2
18.2
3
27.3
3
24
.250
.247
.455
.453
.250
.289
.348
.361
0
90.0
78.8
1
Graphs
467

Story, Trevor
64
373
17.2
19
17
11
4
1
2
0
1
6
31.6
2
10.5
14
38
.235
.136
.316
.227
.529
.230
.359
.210
1
90.4
90.1
23
Graphs
468

Amaya, Jacob
63
301
20.9
17
15
12
4
3
1
0
0
3
17.6
2
11.8
5
23
.267
.251
.353
.339
.333
.286
.310
.287
0
89.7
89.1
4
Graphs
469

Barnhart, Tucker
62
375
16.5
10
9
6
4
2
2
0
0
3
30.0
1
10.0
4
22
.444
.245
.500
.321
.667
.384
.496
.310
1
89.7
86.1
11
Graphs
470

Robinson, Chuckie
62
298
20.8
18
17
13
2
2
0
0
0
4
22.2
1
5.6
12
36
.118
.132
.167
.180
.118
.205
.136
.174
1
90.2
80.8
9
Graphs
471

Clemens, Kody
61
468
13.0
18
18
16
6
3
2
0
1
2
11.1
0
0.0
6
32
.333
.282
.333
.282
.611
.547
.400
.350
2
89.6
93.2
21
Graphs
472

Palacios, Joshua
61
307
19.9
18
16
11
3
2
1
0
0
5
27.8
2
11.1
11
25
.188
.207
.278
.295
.250
.258
.244
.256
0
89.9
87.1
9
Graphs
473

Kavadas, Niko
61
465
13.1
14
11
8
2
1
0
0
1
3
21.4
3
21.4
9
29
.182
.340
.357
.481
.455
.983
.357
.575
3
89.7
97.2
24
Graphs
474

Wilson, Weston
61
379
16.1
16
14
13
8
5
1
0
2
1
6.3
2
12.5
14
32
.571
.446
.625
.515
1.071
.917
.696
.587
4
90.1
98.5
15
Graphs
475

Sogard, Nick
60
348
17.2
18
16
13
4
3
1
0
0
4
22.2
1
5.6
8
31
.250
.274
.278
.299
.313
.343
.255
.276
0
90.5
86.0
19
Graphs
476

Dezenzo, Zach
59
245
24.1
15
15
12
4
3
1
0
0
3
20.0
0
0.0
9
35
.267
.300
.267
.300
.333
.515
.260
.348
1
90.3
77.8
8
Graphs
477

Del Castillo, Adrian
59
336
17.6
20
20
15
6
6
0
0
0
5
25.0
0
0.0
9
32
.300
.152
.300
.152
.300
.174
.265
.144
0
89.9
85.4
17
Graphs
478

Rivas, Leo
59
371
15.9
11
7
5
2
1
0
1
0
2
18.2
3
27.3
4
18
.286
.294
.545
.551
.571
.437
.478
.454
0
90.3
94.7
23
Graphs
479

Berti, Jon
59
271
21.8
19
18
14
6
5
0
0
1
4
21.1
1
5.3
6
27
.333
.296
.368
.333
.500
.397
.376
.321
1
89.2
87.5
11
Graphs
480

Clase, Jonatan
58
267
21.7
14
12
10
4
2
1
0
1
2
14.3
1
7.1
4
28
.333
.188
.429
.304
.667
.326
.463
.286
0
89.9
92.3
18
Graphs
481

Fermín, José
58
324
17.9
14
14
13
2
2
0
0
0
1
7.1
0
0.0
1
28
.143
.194
.143
.194
.143
.270
.126
.199
0
89.7
91.2
11
Graphs
482

Black, Tyler
56
239
23.4
14
12
8
4
3
1
0
0
4
28.6
2
14.3
3
20
.333
.275
.429
.378
.417
.317
.377
.320
0
89.6
78.6
20
Graphs
483

Thomas, Alek
56
372
15.1
17
16
16
4
2
1
0
1
0
0.0
1
5.9
4
27
.250
.306
.294
.347
.500
.499
.339
.364
1
89.8
93.8
8
Graphs
484

Shewmake, Braden
56
214
26.2
19
19
19
2
1
1
0
0
0
0.0
0
0.0
4
33
.105
.242
.105
.242
.158
.316
.112
.241
1
90.0
87.6
8
Graphs
485

Millas, Drew
55
252
21.8
14
13
10
6
5
0
0
1
3
21.4
1
7.1
5
26
.462
.275
.500
.327
.692
.443
.511
.337
1
90.0
89.3
5
Graphs
486

Crawford, Brandon
55
321
17.1
18
18
15
5
4
0
0
1
3
16.7
0
0.0
12
34
.278
.284
.278
.284
.444
.429
.310
.307
1
89.8
88.6
14
Graphs
487

Sánchez, Ali
53
338
15.7
11
9
9
2
0
2
0
0
1
9.1
1
9.1
5
24
.222
.183
.273
.259
.444
.492
.291
.311
1
89.9
89.9
10
Graphs
488

Gomes, Yan
53
375
14.1
9
7
6
1
1
0
0
0
2
22.2
1
11.1
9
25
.143
.453
.222
.482
.143
.526
.175
.444
0
89.8
90.4
14
Graphs
489

Dingler, Dillon
53
331
16.0
12
11
7
3
2
0
1
0
4
33.3
1
8.3
10
27
.273
.245
.333
.308
.455
.389
.337
.306
0
89.9
99.4
5
Graphs
490

Kreidler, Ryan
52
263
19.8
13
11
8
1
1
0
0
0
3
23.1
2
15.4
10
24
.091
.230
.231
.349
.091
.341
.174
.315
1
89.9
94.2
11
Graphs
491

Foscue, Justin
52
187
27.8
12
11
8
0
0
0
0
0
3
25.0
1
8.3
9
24
.000
.037
.083
.118
.000
.051
.057
.092
0
90.1
86.2
31
Graphs
492

Luciano, Marco
52
325
16.0
11
11
9
3
2
1
0
0
2
18.2
0
0.0
4
21
.273
.325
.273
.325
.364
.465
.274
.340
0
89.0
89.3
14
Graphs
493

Haase, Eric
51
270
18.9
12
12
7
1
1
0
0
0
5
41.7
0
0.0
11
27
.083
.185
.083
.185
.083
.211
.073
.173
0
89.6
84.8
11
Graphs
494

Walsh, Jared
51
262
19.5
12
12
10
5
4
1
0
0
2
16.7
0
0.0
2
18
.417
.437
.417
.437
.500
.790
.398
.521
2
89.7
92.3
23
Graphs
495

Hicks, Aaron
50
284
17.6
13
12
10
1
1
0
0
0
2
15.4
1
7.7
2
20
.083
.246
.154
.304
.083
.360
.121
.293
1
88.7
89.3
17
Graphs
496

Gamel, Ben
50
381
13.1
14
11
7
1
1
0
0
0
4
28.6
3
21.4
4
15
.091
.216
.286
.384
.091
.281
.211
.317
0
89.5
89.5
24
Graphs
497

Knizner, Andrew
50
360
13.9
18
18
17
6
5
1
0
0
1
5.6
0
0.0
8
35
.333
.406
.333
.406
.389
.580
.315
.422
1
88.9
90.9
13
Graphs
498

Paris, Kyren
47
234
20.1
8
7
6
3
1
1
0
1
1
12.5
1
12.5
3
18
.429
.382
.500
.460
1.000
.937
.609
.565
1
90.1
95.2
18
Graphs
499

Narváez, Omar
47
269
17.5
11
11
9
2
2
0
0
0
2
18.2
0
0.0
4
27
.182
.163
.182
.163
.182
.249
.160
.177
0
89.1
90.5
17
Graphs
500

Johnson, Bryce
45
263
17.1
10
8
6
1
1
0
0
0
2
20.0
2
20.0
2
19
.125
.241
.300
.393
.125
.306
.226
.327
0
89.8
91.4
21
Graphs
501

Shenton, Austin
45
212
21.2
10
7
5
4
0
3
0
1
2
20.0
3
30.0
8
17
.571
.305
.700
.513
1.429
.618
.788
.474
1
89.8
96.9
25
Graphs
502

Pinto, René
44
185
23.8
10
8
6
2
2
0
0
0
2
20.0
1
10.0
10
23
.250
.313
.400
.451
.250
.483
.317
.413
0
89.6
90.1
33
Graphs
503

Domínguez, Jasson
44
278
15.8
10
8
4
1
0
0
0
1
4
40.0
2
20.0
6
19
.125
.210
.300
.368
.500
.571
.343
.393
2
89.4
92.8
42
Graphs
504

Wendzel, Davis
44
170
25.9
9
9
9
3
0
2
0
1
0
0.0
0
0.0
5
23
.333
.330
.333
.330
.889
.881
.507
.502
2
89.5
90.6
24
Graphs
505

DeLoach, Zach
44
298
14.8
12
10
8
2
1
1
0
0
2
16.7
2
16.7
5
20
.200
.245
.333
.371
.300
.276
.293
.304
0
88.7
86.6
1
Graphs
506

Ford, Mike
43
229
18.8
12
12
10
2
2
0
0
0
2
16.7
0
0.0
3
23
.167
.108
.167
.108
.167
.120
.147
.100
0
89.3
86.7
14
Graphs
507

Tucker, Cole
42
237
17.7
7
5
4
0
0
0
0
0
1
14.3
2
28.6
4
18
.000
.180
.286
.414
.000
.206
.197
.314
0
89.3
95.1
-11
Graphs
508

Vilade, Ryan
41
188
21.8
10
9
8
2
1
0
0
1
1
10.0
1
10.0
2
22
.222
.327
.300
.394
.556
.513
.362
.392
1
88.9
89.0
4
Graphs
509

Conine, Griffin
41
334
12.3
11
10
8
6
4
0
0
2
2
18.2
0
0.0
3
22
.600
.396
.636
.451
1.200
.779
.759
.515
1
90.1
92.4
11
Graphs
510

León, Pedro
41
90
45.6
12
11
6
1
1
0
0
0
5
41.7
1
8.3
7
20
.091
.108
.167
.182
.091
.129
.131
.150
0
89.5
94.5
22
Graphs
511

Madrigal, Nick
41
358
11.5
13
11
10
4
2
2
0
0
1
7.7
1
7.7
3
19
.364
.273
.462
.385
.545
.321
.437
.328
0
89.9
88.4
14
Graphs
512

Bae, Ji Hwan
40
313
12.8
12
10
8
3
3
0
0
0
2
16.7
2
16.7
4
18
.300
.320
.417
.433
.300
.468
.335
.398
1
88.9
85.9
3
Graphs
513

Baddoo, Akil
40
318
12.6
8
6
6
2
0
1
0
1
0
0.0
2
25.0
2
20
.333
.425
.500
.568
1.000
1.019
.585
.621
2
89.6
94.5
30
Graphs
514

López, Jack
39
274
14.2
7
6
2
0
0
0
0
0
4
57.1
0
0.0
7
15
.000
.063
.143
.197
.000
.132
.103
.173
0
90.4
93.6
0
Graphs
515

Cabbage, Trey
38
336
11.3
9
9
9
6
4
2
0
0
0
0.0
0
0.0
2
21
.667
.433
.667
.433
.889
.612
.671
.450
1
90.4
91.3
15
Graphs
516

Murphy, Tom
38
152
25.0
9
8
6
2
2
0
0
0
2
22.2
1
11.1
3
18
.250
.242
.333
.327
.250
.506
.273
.356
1
88.8
92.7
13
Graphs
517

Hensley, David
38
250
15.2
5
5
4
1
0
0
0
1
1
20.0
0
0.0
4
13
.200
.183
.200
.183
.800
.616
.410
.326
1
90.3
82.8
0
Graphs
518

Marchán, Rafael
38
195
19.5
13
12
10
3
0
1
0
2
2
15.4
1
7.7
3
19
.250
.358
.308
.408
.833
.753
.465
.484
2
90.2
90.5
22
Graphs
519

Rosario, Eguy
38
226
16.8
11
9
8
4
1
1
0
2
1
9.1
2
18.2
2
16
.444
.506
.545
.596
1.222
1.331
.692
.747
4
88.8
95.8
9
Graphs
520

Tromp, Chadwick
38
182
20.9
7
7
6
2
2
0
0
0
1
14.3
0
0.0
1
12
.286
.315
.286
.315
.286
.416
.252
.317
0
89.4
84.5
15
Graphs
521

Kennedy, Buddy
38
132
28.8
7
6
6
1
0
0
0
1
0
0.0
1
14.3
2
14
.167
.460
.286
.537
.667
.908
.391
.588
1
89.6
87.8
9
Graphs
522

García, Avisaíl
37
186
19.9
11
10
7
2
2
0
0
0
3
27.3
1
9.1
8
20
.200
.166
.273
.242
.200
.227
.223
.218
0
88.8
85.3
-1
Graphs
523

Dahl, David
37
266
13.9
10
9
8
2
2
0
0
0
1
10.0
1
10.0
6
24
.222
.264
.300
.338
.222
.366
.245
.310
0
89.6
88.2
9
Graphs
524

Cook, Billy
36
184
19.6
5
5
2
1
1
0
0
0
3
60.0
0
0.0
11
20
.200
.291
.200
.291
.200
.358
.176
.284
0
89.3
104.2
8
Graphs
525

Locklear, Tyler
35
196
17.9
6
6
5
0
0
0
0
0
1
16.7
0
0.0
6
20
.000
.107
.000
.107
.000
.121
.000
.101
0
90.2
83.1
18
Graphs
526

McCoy, Mason
34
232
14.7
4
4
4
2
2
0
0
0
0
0.0
0
0.0
4
17
.500
.530
.500
.530
.500
.572
.441
.482
0
90.6
76.2
35
Graphs
527

Whitcomb, Shay
34
181
18.8
6
5
5
1
0
1
0
0
0
0.0
1
16.7
0
16
.200
.403
.333
.503
.400
.867
.324
.557
1
89.8
95.0
22
Graphs
528

Bliss, Ryan
34
259
13.1
7
5
4
1
1
0
0
0
1
14.3
1
14.3
4
19
.200
.314
.429
.510
.200
.380
.327
.416
0
90.4
92.9
-4
Graphs
529

Trejo, Alan
33
221
14.9
10
10
9
3
3
0
0
0
1
10.0
0
0.0
2
22
.300
.237
.300
.237
.300
.269
.265
.220
0
90.3
88.1
8
Graphs
530

Zavala, Seby
33
171
19.3
6
6
4
0
0
0
0
0
2
33.3
0
0.0
8
18
.000
.249
.000
.249
.000
.457
.000
.303
0
89.8
93.6
13
Graphs
531

Yorke, Nick
32
174
18.4
9
8
8
4
4
0
0
0
1
11.1
0
0.0
4
16
.500
.376
.444
.371
.500
.427
.392
.379
0
89.6
86.8
9
Graphs
532

Baker, Luken
32
201
15.9
10
8
9
1
0
0
0
1
0
0.0
1
10.0
1
13
.125
.301
.200
.387
.500
.618
.274
.422
1
89.2
96.0
15
Graphs
533

Alvarez, Armando
31
139
22.3
7
6
5
1
0
1
0
0
1
14.3
1
14.3
1
14
.167
.275
.286
.378
.333
.304
.278
.317
0
89.9
69.0
9
Graphs
534

Berroa, Steward
31
183
16.9
7
3
2
0
0
0
0
0
1
14.3
4
57.1
3
11
.000
.008
.571
.575
.000
.012
.394
.397
0
90.2
84.9
48
Graphs
535

Remillard, Zach
30
151
19.9
8
7
7
3
3
0
0
0
0
0.0
1
12.5
1
12
.429
.452
.500
.530
.429
.507
.417
.455
0
89.0
87.4
17
Graphs
536

Mayo, Coby
29
188
15.4
5
5
2
2
2
0
0
0
3
60.0
0
0.0
4
12
.400
.318
.400
.318
.400
.359
.353
.297
0
88.8
89.4
12
Graphs
537

White, Eli
29
160
18.1
9
8
6
3
1
1
1
0
2
22.2
0
0.0
4
17
.375
.168
.444
.261
.750
.389
.494
.286
1
89.2
90.4
21
Graphs
538

Madris, Bligh
29
275
10.5
10
10
7
3
2
1
0
0
3
30.0
0
0.0
2
15
.300
.232
.300
.232
.400
.415
.302
.274
2
89.4
86.0
44
Graphs
539

Jones, Jahmai
28
152
18.4
11
9
7
4
3
1
0
0
2
18.2
1
9.1
1
13
.444
.280
.545
.411
.556
.361
.483
.351
0
89.1
88.0
5
Graphs
540

Ornelas, Jonathan
27
163
16.6
5
5
3
2
2
0
0
0
2
40.0
0
0.0
2
11
.400
.275
.400
.275
.400
.332
.353
.267
0
90.5
92.0
21
Graphs
541

Brooks, Trenton
27
110
24.5
6
5
4
1
1
0
0
0
1
16.7
1
16.7
2
10
.200
.190
.333
.325
.200
.250
.262
.274
0
89.5
86.6
3
Graphs
542

McKinney, Billy
27
114
23.7
7
7
4
3
2
1
0
0
3
42.9
0
0.0
2
10
.429
.278
.429
.278
.571
.456
.431
.311
1
90.1
92.9
6
Graphs
543

Bote, David
26
162
16.0
7
6
6
3
3
0
0
0
0
0.0
1
14.3
5
14
.500
.435
.571
.516
.500
.745
.476
.526
1
88.9
98.2
4
Graphs
544

Gurriel, Yuli
26
281
9.3
8
4
4
1
1
0
0
0
0
0.0
4
50.0
2
8
.250
.473
.625
.737
.250
.554
.455
.572
0
90.0
87.7
-16
Graphs
545

Wagaman, Eric
26
269
9.7
5
5
5
1
1
0
0
0
0
0.0
0
0.0
1
13
.200
.349
.200
.349
.200
.413
.176
.332
0
89.7
89.7
34
Graphs
546

Kessinger, Grae
26
115
22.6
5
4
1
0
0
0
0
0
3
60.0
0
0.0
1
7
.000
.018
.200
.214
.000
.018
.144
.157
0
90.2
69.8
-36
Graphs
547

Wendle, Joey
25
134
18.7
5
5
4
1
1
0
0
0
1
20.0
0
0.0
2
9
.200
.218
.200
.218
.200
.368
.176
.248
0
90.2
85.1
-9
Graphs
548

Romo, Drew
25
189
13.2
6
6
5
1
1
0
0
0
1
16.7
0
0.0
1
16
.167
.148
.167
.148
.167
.163
.147
.136
0
89.4
80.7
30
Graphs
549

Rodriguez, Johnathan
24
175
13.7
5
3
3
0
0
0
0
0
0
0.0
2
40.0
4
9
.000
.121
.400
.473
.000
.136
.276
.346
0
89.9
90.4
-26
Graphs
550

Stevenson, Cal
23
102
22.5
3
2
1
0
0
0
0
0
1
33.3
1
33.3
1
7
.000
.301
.333
.534
.000
.427
.230
.433
0
90.1
98.9
16
Graphs
551

Díaz, Aledmys
23
116
19.8
5
5
4
0
0
0
0
0
1
20.0
0
0.0
2
12
.000
.179
.000
.179
.000
.236
.000
.181
0
89.3
91.3
11
Graphs
552

Westbrook, Jamie
23
200
11.5
4
3
3
0
0
0
0
0
0
0.0
1
25.0
1
8
.000
.289
.250
.467
.000
.319
.172
.372
0
89.9
95.8
-9
Graphs
553

Hinds, Rece
23
183
12.6
5
5
4
0
0
0
0
0
1
20.0
0
0.0
4
13
.000
.060
.000
.060
.000
.077
.000
.059
0
90.1
83.1
15
Graphs
554

Pauley, Graham
22
140
15.7
4
4
3
1
1
0
0
0
1
25.0
0
0.0
5
10
.250
.310
.250
.310
.250
.347
.220
.289
0
89.5
86.3
8
Graphs
555

Colás, Oscar
21
144
14.6
5
3
2
2
2
0
0
0
1
20.0
1
20.0
2
9
.667
.262
.800
.557
.667
.300
.635
.432
0
89.5
104.8
-2
Graphs
556

Blankenhorn, Travis
21
122
17.2
4
4
2
2
1
1
0
0
2
50.0
0
0.0
3
11
.500
.328
.500
.328
.750
.508
.534
.360
0
87.7
88.7
22
Graphs
557

Collins, Isaac
21
87
24.1
6
5
4
2
2
0
0
0
1
16.7
1
16.7
1
9
.400
.303
.500
.419
.400
.358
.409
.354
0
89.8
85.2
6
Graphs
558

Saggese, Thomas
21
189
11.1
8
7
5
2
1
1
0
0
2
25.0
1
12.5
5
17
.286
.301
.375
.389
.429
.381
.353
.343
0
89.8
90.5
15
Graphs
559

Moncada, Yoán
21
192
10.9
3
3
3
1
1
0
0
0
0
0.0
0
0.0
0
11
.333
.458
.333
.458
.333
.490
.294
.414
0
89.9
86.2
1
Graphs
560

Leblanc, Charles
21
118
17.8
4
3
2
1
1
0
0
0
1
25.0
1
25.0
0
8
.333
.383
.500
.537
.333
.489
.393
.461
0
89.9
93.5
7
Graphs
561

Narvaez, Carlos
20
68
29.4
6
4
2
2
2
0
0
0
2
33.3
2
33.3
4
7
.500
.309
.667
.539
.500
.363
.524
.427
0
90.3
107.2
5
Graphs
562

Driscoll, Logan
20
130
15.4
5
5
4
1
1
0
0
0
1
20.0
0
0.0
2
11
.200
.281
.200
.281
.200
.372
.176
.285
0
89.9
91.8
11
Graphs
563

Sanoja, Javier
20
118
16.9
4
4
4
1
1
0
0
0
0
0.0
0
0.0
1
9
.250
.180
.250
.180
.250
.188
.220
.164
0
91.1
82.9
-5
Graphs
564

Campero, Gustavo
20
177
11.3
6
5
5
2
2
0
0
0
0
0.0
0
0.0
1
12
.400
.485
.500
.571
.400
.556
.414
.500
0
89.7
86.9
21
Graphs
565

Acuña, Luisangel
18
136
13.2
6
5
5
2
1
0
0
1
0
0.0
1
16.7
0
8
.400
.336
.500
.446
1.000
.781
.603
.497
1
89.9
94.9
9
Graphs
566

Waters, Drew
18
94
19.1
5
4
2
1
0
1
0
0
2
40.0
0
0.0
3
7
.250
.033
.400
.226
.500
.084
.395
.183
0
89.1
78.4
50
Graphs
567

Salazar, César
18
111
16.2
4
3
1
1
1
0
0
0
2
50.0
0
0.0
4
8
.333
.160
.500
.370
.333
.182
.400
.294
0
89.1
95.3
4
Graphs
568

Miller, Owen
18
103
17.5
6
6
6
2
2
0
0
0
0
0.0
0
0.0
1
10
.333
.260
.333
.260
.333
.300
.294
.244
0
89.6
88.8
5
Graphs
569

Wall, Forrest
18
129
14.0
7
6
6
1
1
0
0
0
0
0.0
1
14.3
0
6
.167
.410
.286
.495
.167
.488
.224
.431
0
90.2
93.9
20
Graphs
570

Williams, Luke
18
172
10.5
6
6
6
2
2
0
0
0
0
0.0
0
0.0
0
8
.333
.176
.333
.176
.333
.285
.294
.195
0
90.7
85.9
7
Graphs
571

Heineman, Tyler
18
61
29.5
3
2
1
0
0
0
0
0
1
33.3
0
0.0
1
8
.000
.004
.333
.336
.000
.004
.240
.243
0
89.7
85.4
36
Graphs
572

Adrianza, Ehire
18
118
15.3
5
5
4
1
0
1
0
0
1
20.0
0
0.0
2
9
.200
.207
.200
.207
.400
.326
.251
.228
0
89.6
93.6
24
Graphs
573

Ortega, Rafael
18
68
26.5
4
3
4
0
0
0
0
0
0
0.0
0
0.0
1
6
.000
.234
.000
.250
.000
.383
.000
.338
0
89.2
97.7
28
Graphs
574

Goodrum, Niko
17
140
12.1
4
4
4
0
0
0
0
0
0
0.0
0
0.0
0
5
.000
.149
.000
.149
.000
.166
.000
.137
0
89.6
79.2
-10
Graphs
575

Vosler, Jason
17
120
14.2
7
7
5
1
1
0
0
0
2
28.6
0
0.0
2
10
.143
.140
.143
.140
.143
.182
.126
.136
0
89.4
91.8
25
Graphs
576

Gasper, Mickey
17
92
18.5
3
2
1
0
0
0
0
0
1
33.3
1
33.3
1
5
.000
.071
.333
.381
.000
.117
.230
.280
0
90.5
90.9
24
Graphs
577

Sabol, Blake
17
124
13.7
7
6
5
3
2
1
0
0
1
14.3
0
0.0
2
10
.500
.380
.571
.469
.667
.819
.534
.533
1
89.2
101.0
19
Graphs
578

Canario, Alexander
17
101
16.8
4
4
4
1
1
0
0
0
0
0.0
0
0.0
4
10
.250
.232
.250
.232
.250
.352
.220
.250
0
89.0
89.4
7
Graphs
579

Villar, David
16
136
11.8
6
4
3
1
0
1
0
0
2
33.3
1
16.7
1
6
.250
.056
.333
.347
.500
.211
.324
.432
1
89.8
101.3
34
Graphs
580

Feduccia, Hunter
16
57
28.1
4
3
3
2
2
0
0
0
0
0.0
1
25.0
0
6
.667
.517
.750
.638
.667
.593
.613
.537
0
89.3
85.7
5
Graphs
581

De Los Santos, Luis
16
121
13.2
6
5
5
0
0
0
0
0
0
0.0
1
16.7
2
8
.000
.104
.167
.253
.000
.205
.115
.222
0
88.8
90.0
7
Graphs
582

Soto, Livan
16
66
24.2
3
3
3
0
0
0
0
0
0
0.0
0
0.0
0
8
.000
.029
.000
.029
.000
.040
.000
.030
0
84.7
83.0
29
Graphs
583

Pereda, Jhonny
15
158
9.5
3
3
1
0
0
0
0
0
2
66.7
0
0.0
7
10
.000
.014
.000
.014
.000
.014
.000
.013
0
90.5
73.3
-31
Graphs
584

Garrett, Stone
15
31
48.4
3
3
3
1
1
0
0
0
0
0.0
0
0.0
2
9
.333
.449
.333
.449
.333
.552
.294
.429
0
90.5
95.0
20
Graphs
585

Wynns, Austin
15
75
20.0
4
4
4
2
2
0
0
0
0
0.0
0
0.0
1
8
.500
.293
.500
.293
.500
.337
.441
.276
0
89.2
86.5
38
Graphs
586

Alvarez Jr., Nacho
15
119
12.6
3
3
3
1
1
0
0
0
0
0.0
0
0.0
1
6
.333
.360
.333
.360
.333
.434
.294
.344
0
90.0
82.2
0
Graphs
587

Mervis, Matt
14
98
14.3
1
0
0
0
0
0
0
0
0
0.0
1
100.0
1
4
--
--
1.000
1.000
--
--
.689
.689
0
90.0
--
--
Graphs
588

Walton, Donovan
14
96
14.6
3
3
3
0
0
0
0
0
0
0.0
0
0.0
2
6
.000
.309
.000
.309
.000
.376
.000
.293
0
89.2
85.5
27
Graphs
589

Thompson, Bubba
13
77
16.9
1
1
1
0
0
0
0
0
0
0.0
0
0.0
2
6
.000
.509
.000
.509
.000
1.941
.000
.985
1
90.1
102.3
34
Graphs
590

Jordan, Levi
13
40
32.5
3
2
3
0
0
0
0
0
0
0.0
0
0.0
1
5
.000
.112
.000
.075
.000
.127
.000
.068
0
90.6
91.0
1
Graphs
591

Hiura, Keston
13
93
14.0
4
4
4
2
2
0
0
0
0
0.0
0
0.0
1
8
.500
.462
.500
.462
.500
.541
.441
.436
0
88.0
76.9
15
Graphs
592

Peterson, Jace
13
102
12.7
4
4
3
0
0
0
0
0
1
25.0
0
0.0
1
6
.000
.158
.000
.158
.000
.170
.000
.145
0
88.8
75.0
-29
Graphs
593

Wiemer, Joey
13
109
11.9
--
--
0
--
--
--
--
--
--
--
--
--
0
4
--
--
--
--
--
--
--
--
0
90.4
--
--
Graphs
594

Haggerty, Sam
13
59
22.0
3
3
3
0
0
0
0
0
0
0.0
0
0.0
0
5
.000
.381
.000
.381
.000
.473
.000
.363
0
89.6
93.0
1
Graphs
595

Trammell, Taylor
12
37
32.4
2
2
2
0
0
0
0
0
0
0.0
0
0.0
2
8
.000
.132
.000
.132
.000
.142
.000
.119
0
88.9
72.2
41
Graphs
596

McKenna, Ryan
12
52
23.1
3
3
3
1
0
0
0
1
0
0.0
0
0.0
0
7
.333
.034
.333
.034
1.333
.099
.683
.053
0
90.6
86.4
50
Graphs
597

Adams, Jordyn
12
158
7.6
5
5
3
0
0
0
0
0
2
40.0
0
0.0
1
5
.000
.223
.000
.223
.000
.307
.000
.227
0
90.5
96.3
5
Graphs
598

Misner, Kameron
11
65
16.9
1
1
0
0
0
0
0
0
1
100.0
0
0.0
1
6
.000
--
.000
--
.000
--
.000
.000
0
89.7
--
--
Graphs
599

Alvarez, Eddy
11
54
20.4
2
1
0
0
0
0
0
0
1
50.0
1
50.0
1
2
.000
--
.500
.500
.000
--
.345
.345
0
89.0
--
--
Graphs
600

Dunn, Blake
11
120
9.2
5
5
5
2
0
1
0
1
0
0.0
0
0.0
0
5
.400
.415
.400
.415
1.200
1.080
.661
.622
1
90.4
94.7
31
Graphs
601

Ellis, Duke
11
23
47.8
1
1
1
0
0
0
0
0
0
0.0
0
0.0
0
6
.000
.146
.000
.146
.000
.172
.000
.144
0
91.1
104.9
-26
Graphs
602

Amador, Adael
11
119
9.2
2
2
2
0
0
0
0
0
0
0.0
0
0.0
2
6
.000
.265
.000
.265
.000
.328
.000
.264
0
89.0
89.5
-5
Graphs
603

Koch, Grant
11
49
22.4
2
2
1
0
0
0
0
0
1
50.0
0
0.0
2
5
.000
.007
.000
.007
.000
.020
.000
.011
0
89.4
89.1
36
Graphs
604

Baker, Darren
10
39
25.6
5
5
5
4
2
2
0
0
0
0.0
0
0.0
0
5
.800
.335
.800
.335
1.200
.411
.854
.331
0
89.8
84.9
16
Graphs
605

Teodosio, Bryce
10
43
23.3
2
2
0
0
0
0
0
0
2
100.0
0
0.0
3
4
.000
--
.000
--
.000
--
.000
.000
0
90.6
--
--
Graphs
606

Martínez, J.P.
10
42
23.8
2
2
2
1
1
0
0
0
0
0.0
0
0.0
1
6
.500
.196
.500
.196
.500
.222
.441
.183
0
89.9
90.0
-10
Graphs
607

Gray, Tristan
8
123
6.5
3
3
2
1
1
0
0
0
1
33.3
0
0.0
1
4
.333
.213
.333
.213
.333
.242
.294
.198
0
90.3
96.3
-4
Graphs
608

Peguero, Liover
8
46
17.4
--
--
0
--
--
--
--
--
--
--
--
--
3
4
--
--
--
--
--
--
--
--
0
89.4
--
--
Graphs
609

Barrosa, Jorge
7
62
11.3
1
1
1
0
0
0
0
0
0
0.0
0
0.0
0
1
.000
.215
.000
.215
.000
.255
.000
.194
0
89.0
79.6
3
Graphs
610

Brantly, Rob
7
34
20.6
2
2
2
0
0
0
0
0
0
0.0
0
0.0
0
6
.000
.085
.000
.085
.000
.327
.000
.167
0
91.2
94.7
41
Graphs
611

Sullivan, Brett
7
49
14.3
1
1
1
0
0
0
0
0
0
0.0
0
0.0
0
5
.000
.001
.000
.001
.000
.001
.000
.000
0
90.7
86.1
83
Graphs
612

Huff, Sam
7
21
33.3
2
1
1
0
0
0
0
0
0
0.0
1
50.0
0
2
.000
.891
.500
.946
.000
.939
.345
.746
0
91.0
72.2
27
Graphs
613

Fletcher, David
7
27
25.9
2
1
1
0
0
0
0
0
1
50.0
0
0.0
0
1
.000
.000
.000
.316
.000
.000
.000
.286
0
90.7
91.5
18
Graphs
614

Fabian, Sandro
6
21
28.6
2
2
2
0
0
0
0
0
0
0.0
0
0.0
0
4
.000
.239
.000
.239
.000
.697
.000
.391
1
91.2
73.3
42
Graphs
615

Capra, Vinny
6
32
18.8
2
2
2
0
0
0
0
0
0
0.0
0
0.0
0
4
.000
.132
.000
.132
.000
.148
.000
.122
0
87.8
73.4
-10
Graphs
616

Delay, Jason
6
50
12.0
3
3
3
1
0
1
0
0
0
0.0
0
0.0
1
4
.333
.082
.333
.082
.667
.094
.418
.076
0
90.0
80.1
50
Graphs
617

Hummel, Cooper
6
23
26.1
2
2
2
0
0
0
0
0
0
0.0
0
0.0
0
3
.000
.384
.000
.384
.000
.670
.000
.444
1
89.9
94.2
-15
Graphs
618

Lockridge, Brandon
6
46
13.0
2
2
2
0
0
0
0
0
0
0.0
0
0.0
1
4
.000
.178
.000
.178
.000
.191
.000
.166
0
90.5
100.0
-16
Graphs
619

Vazquez, Luis
6
51
11.8
1
1
1
0
0
0
0
0
0
0.0
0
0.0
0
1
.000
.157
.000
.157
.000
.176
.000
.156
0
90.4
60.1
-41
Graphs
620

Anderson, Brian
6
15
40.0
1
1
1
0
0
0
0
0
0
0.0
0
0.0
0
2
.000
.800
.000
.800
.000
.993
.000
.780
0
91.3
101.6
10
Graphs
621

Kemp, Tony
5
37
13.5
1
1
1
0
0
0
0
0
0
0.0
0
0.0
0
2
.000
.137
.000
.137
.000
.392
.000
.217
0
87.6
93.4
31
Graphs
622

Alcántara, Kevin
5
26
19.2
--
--
0
--
--
--
--
--
--
--
--
--
0
0
--
--
--
--
--
--
--
--
0
88.9
--
--
Graphs
623

Duffy, Matt
5
31
16.1
2
1
1
1
1
0
0
0
0
0.0
1
50.0
0
1
1.000
.514
1.000
.757
1.000
.597
.785
.586
0
91.3
103.2
2
Graphs
624

Peraza, Oswald
5
40
12.5
2
1
1
1
1
0
0
0
0
0.0
1
50.0
0
3
1.000
.854
1.000
.927
1.000
1.016
.785
.765
0
91.6
93.1
12
Graphs
625

Reetz, Jakson
5
49
10.2
1
0
0
0
0
0
0
0
0
0.0
1
100.0
1
2
--
--
1.000
1.000
--
--
.689
.689
0
89.8
--
--
Graphs
626

Batten, Matthew
4
11
36.4
1
1
1
0
0
0
0
0
0
0.0
0
0.0
1
2
.000
.255
.000
.255
.000
.270
.000
.230
0
89.0
92.4
-7
Graphs
627

Hicklen, Brewer
4
29
13.8
1
1
0
0
0
0
0
0
1
100.0
0
0.0
1
3
.000
--
.000
--
.000
--
.000
.000
0
90.3
--
--
Graphs
628

Alexander, CJ
4
28
14.3
1
1
1
0
0
0
0
0
0
0.0
0
0.0
0
1
.000
.011
.000
.011
.000
.019
.000
.012
0
90.8
84.6
45
Graphs
629

Castillo, Diego A.
4
36
11.1
2
1
1
1
1
0
0
0
0
0.0
1
50.0
0
1
1.000
.983
1.000
.992
1.000
1.106
.785
.805
0
90.1
80.6
18
Graphs
630

Capel, Conner
3
25
12.0
1
1
0
0
0
0
0
0
1
100.0
0
0.0
1
1
.000
--
.000
--
.000
--
.000
.000
0
84.9
--
--
Graphs
631

Camargo, Jair
3
28
10.7
--
--
0
--
--
--
--
--
--
--
--
--
0
0
--
--
--
--
--
--
--
--
0
91.6
--
--
Graphs
632

Gentry, Tyler
3
20
15.0
1
1
1
0
0
0
0
0
0
0.0
0
0.0
0
1
.000
.397
.000
.397
.000
.466
.000
.380
0
90.6
97.7
-1
Graphs
633

Garcia, Aramis
3
36
8.3
--
--
0
--
--
--
--
--
--
--
--
--
0
1
--
--
--
--
--
--
--
--
0
89.5
--
--
Graphs
634

Maton, Nick
2
28
7.1
1
1
1
0
0
0
0
0
0
0.0
0
0.0
0
2
.000
.006
.000
.006
.000
.006
.000
.005
0
91.2
89.0
40
Graphs
635

Keirsey Jr., DaShawn
2
50
4.0
1
1
1
0
0
0
0
0
0
0.0
0
0.0
0
2
.000
.201
.000
.201
.000
.201
.000
.183
0
92.0
78.7
-51
Graphs
636

Jones, Greg
2
29
6.9
--
--
0
--
--
--
--
--
--
--
--
--
0
0
--
--
--
--
--
--
--
--
0
91.7
--
--
Graphs
637

Castillo, Luis
2
3
66.7
--
--
0
--
--
--
--
--
--
--
--
--
0
0
--
--
--
--
--
--
--
--
0
91.1
--
--
Graphs
638

Helman, Michael
2
28
7.1
2
2
2
1
0
1
0
0
0
0.0
0
0.0
0
2
.500
.177
.500
.177
1.000
.276
.627
.180
0
88.6
87.6
41
Graphs
639

Knapp, Andrew
2
25
8.0
--
--
0
--
--
--
--
--
--
--
--
--
2
2
--
--
--
--
--
--
--
--
0
91.6
--
--
Graphs
640

Straw, Myles
2
14
14.3
1
1
1
1
1
0
0
0
0
0.0
0
0.0
0
1
1.000
.489
1.000
.489
1.000
.576
.882
.440
0
91.7
90.5
19
Graphs
641

Ríos, Edwin
1
40
2.5
--
--
0
--
--
--
--
--
--
--
--
--
1
1
--
--
--
--
--
--
--
--
0
87.9
--
--
Graphs
642

Marlowe, Cade
1
34
2.9
--
--
0
--
--
--
--
--
--
--
--
--
0
1
--
--
--
--
--
--
--
--
0
88.5
--
--
Graphs
643

Taylor, Samad
1
14
7.1
--
--
0
--
--
--
--
--
--
--
--
--
1
1
--
--
--
--
--
--
--
--
0
90.7
--
--
Graphs
644

Roller, Chris
1
6
16.7
--
--
0
--
--
--
--
--
--
--
--
--
0
1
--
--
--
--
--
--
--
--
0
91.6
--
--
Graphs
645

Harris, Dustin
1
23
4.3
--
--
0
--
--
--
--
--
--
--
--
--
0
0
--
--
--
--
--
--
--
--
0
89.6
--
--
Graphs
