1

Cronenworth, Jake
1788
2752
65.0
416
360
306
78
55
15
1
7
55
13.2
44
10.6
101
817
.217
.268
.318
.364
.322
.424
.291
.347
20
93.6
88.7
12
Graphs
2

Olson, Matt
1768
2947
60.0
411
357
267
94
50
23
1
20
94
22.9
43
10.5
210
921
.263
.270
.350
.360
.501
.505
.365
.374
40
93.6
93.1
16
Graphs
3

McMahon, Ryan
1723
2723
63.3
357
307
206
75
52
12
0
11
103
28.9
45
12.6
188
777
.244
.243
.343
.343
.391
.401
.326
.329
18
93.3
92.8
11
Graphs
4

Duran, Jarren
1696
2844
59.6
394
350
274
110
63
31
5
11
78
19.8
39
9.9
164
778
.314
.294
.386
.369
.526
.492
.391
.371
27
93.4
92.0
11
Graphs
5

Nimmo, Brandon
1696
2747
61.7
402
335
259
82
52
14
2
14
77
19.2
58
14.4
126
744
.245
.272
.368
.391
.424
.458
.351
.373
25
93.5
93.4
13
Graphs
6

Adames, Willy
1654
2733
60.5
444
398
296
97
61
20
0
16
103
23.2
45
10.1
223
850
.244
.248
.320
.324
.415
.475
.321
.343
35
93.4
89.5
22
Graphs
7

Henderson, Gunnar
1653
2896
57.1
396
339
250
93
56
21
3
13
90
22.7
53
13.4
143
703
.274
.282
.376
.385
.469
.464
.368
.372
25
93.3
93.1
6
Graphs
8

Santander, Anthony
1649
2738
60.2
378
339
268
75
37
12
2
24
74
19.6
35
9.3
157
791
.221
.220
.294
.295
.481
.431
.330
.315
30
93.4
89.8
24
Graphs
9

Alonso, Pete
1620
2780
58.3
393
337
261
90
48
19
0
23
77
19.6
48
12.2
124
702
.267
.263
.369
.366
.528
.526
.385
.382
38
93.5
91.1
18
Graphs
10

India, Jonathan
1612
2652
60.8
401
329
264
89
65
14
2
8
69
17.2
59
14.7
101
628
.271
.306
.392
.424
.398
.479
.353
.396
23
92.9
89.5
14
Graphs
11

Steer, Spencer
1598
2621
61.0
383
329
259
76
45
15
3
13
71
18.5
47
12.3
132
689
.231
.247
.337
.351
.413
.405
.331
.334
17
93.3
89.1
17
Graphs
12

Carroll, Corbin
1587
2648
59.9
413
345
278
85
55
11
7
12
70
16.9
57
13.8
102
628
.246
.254
.363
.373
.423
.420
.346
.353
20
93.6
90.0
14
Graphs
13

Profar, Jurickson
1580
2739
57.7
367
306
255
78
56
7
0
15
52
14.2
53
14.4
98
699
.255
.271
.376
.390
.425
.442
.355
.368
21
93.3
91.7
14
Graphs
14

Chapman, Matt
1579
2706
58.4
397
349
265
90
51
22
1
16
85
21.4
41
10.3
165
742
.258
.267
.345
.354
.464
.484
.351
.362
37
93.3
94.7
16
Graphs
15

Guerrero Jr., Vladimir
1574
2602
60.5
387
342
293
113
77
23
1
12
51
13.2
40
10.3
123
714
.330
.317
.403
.393
.509
.528
.394
.397
37
93.8
93.7
5
Graphs
16

Volpe, Anthony
1573
2797
56.2
384
348
264
96
69
15
5
7
85
22.1
33
8.6
167
788
.276
.266
.339
.330
.408
.377
.327
.312
13
93.2
89.8
8
Graphs
17

Lindor, Francisco
1570
2713
57.9
366
320
258
83
45
18
0
20
63
17.2
40
10.9
146
718
.259
.301
.350
.386
.503
.603
.367
.417
46
93.4
93.3
20
Graphs
18

Turner, Justin
1560
2320
67.2
342
283
231
76
56
14
0
6
56
16.4
46
13.5
105
687
.269
.255
.383
.374
.382
.401
.343
.347
13
93.6
87.4
16
Graphs
19

Arraez, Luis
1553
2416
64.3
437
418
409
139
114
20
2
3
10
2.3
16
3.7
38
808
.333
.331
.359
.358
.411
.428
.337
.342
8
93.0
86.9
13
Graphs
20

Ozuna, Marcell
1551
2875
53.9
383
334
255
111
71
19
0
21
80
20.9
45
11.7
169
716
.332
.310
.414
.396
.578
.609
.424
.425
37
93.5
92.9
13
Graphs
21

Díaz, Yandy
1545
2460
62.8
362
317
255
91
70
15
0
6
65
18.0
39
10.8
96
656
.287
.280
.367
.363
.391
.409
.337
.341
17
93.6
94.4
2
Graphs
22

Arozarena, Randy
1542
2774
55.6
371
299
206
66
42
14
0
10
96
25.9
54
14.6
159
616
.221
.227
.364
.373
.368
.401
.332
.351
19
93.7
92.8
15
Graphs
23

García, Adolis
1526
2534
60.2
351
306
223
63
38
12
0
13
88
25.1
35
10.0
226
734
.206
.227
.293
.316
.373
.417
.293
.322
27
93.6
92.7
18
Graphs
24

Lowe, Nathaniel
1523
2356
64.6
366
306
235
87
66
11
1
9
72
19.7
56
15.3
121
669
.284
.267
.399
.386
.415
.398
.363
.352
16
93.5
89.2
8
Graphs
25

Paredes, Isaac
1519
2853
53.2
355
295
248
77
47
19
1
10
50
14.1
46
13.0
90
702
.261
.242
.377
.364
.434
.386
.358
.336
15
93.4
86.3
25
Graphs
26

Ohtani, Shohei
1518
2838
53.5
395
338
266
104
57
24
2
21
75
19.0
49
12.4
175
706
.308
.328
.395
.414
.577
.646
.413
.446
50
93.5
96.0
15
Graphs
27

Schwarber, Kyle
1515
2852
53.1
389
310
236
84
50
14
0
20
80
20.6
70
18.0
156
628
.271
.289
.404
.419
.510
.580
.393
.422
36
93.1
95.0
17
Graphs
28

Torres, Gleyber
1513
2821
53.6
368
314
244
94
64
18
0
12
73
19.8
48
13.0
173
769
.299
.259
.394
.362
.471
.436
.377
.353
22
93.3
92.5
14
Graphs
29

Judge, Aaron
1512
2885
52.4
381
316
237
117
61
22
1
33
80
21.0
56
14.7
149
675
.370
.346
.474
.454
.759
.777
.511
.505
66
93.8
98.2
17
Graphs
30

Happ, Ian
1510
2721
55.5
352
291
229
87
45
24
1
17
63
17.9
59
16.8
141
679
.299
.289
.418
.411
.564
.576
.419
.420
34
93.5
93.7
18
Graphs
31

Goldschmidt, Paul
1505
2719
55.4
367
333
248
85
52
14
1
18
86
23.4
28
7.6
183
774
.255
.271
.314
.329
.465
.503
.336
.356
30
93.4
91.6
15
Graphs
32

Donovan, Brendan
1498
2487
60.2
399
358
315
96
70
19
2
5
45
11.3
32
8.0
60
665
.268
.279
.338
.349
.374
.427
.316
.339
16
93.3
89.1
14
Graphs
33

Soto, Juan
1498
2960
50.6
396
322
272
107
50
22
4
31
52
13.1
70
17.7
114
629
.332
.370
.452
.486
.714
.839
.483
.540
72
93.2
95.9
14
Graphs
34

Contreras, William
1496
2677
55.9
389
335
284
95
59
23
2
11
54
13.9
48
12.3
155
728
.284
.301
.375
.391
.463
.522
.365
.392
27
93.5
94.5
5
Graphs
35

Winn, Masyn
1490
2558
58.2
375
340
299
96
62
22
4
8
43
11.5
32
8.5
96
710
.282
.287
.344
.351
.441
.405
.341
.333
10
93.2
88.1
13
Graphs
36

Suárez, Eugenio
1482
2542
58.3
394
341
268
99
64
16
2
17
81
20.6
39
9.9
163
706
.290
.275
.365
.357
.499
.503
.370
.369
33
93.7
90.0
19
Graphs
37

Devers, Rafael
1482
2375
62.4
321
280
193
75
36
22
2
15
91
28.3
34
10.6
241
732
.268
.259
.349
.341
.521
.488
.370
.355
26
93.5
92.7
10
Graphs
38

Freeman, Freddie
1468
2522
58.2
392
344
296
99
64
18
2
15
54
13.8
40
10.2
128
793
.288
.289
.360
.365
.483
.500
.362
.375
27
93.5
90.3
15
Graphs
39

Ward, Taylor
1465
2599
56.4
379
325
256
85
53
13
2
17
73
19.3
47
12.4
131
655
.262
.287
.356
.382
.471
.560
.358
.402
39
93.3
93.1
18
Graphs
40

Machado, Manny
1451
2387
60.8
370
339
283
103
69
21
0
13
57
15.4
30
8.1
142
735
.304
.302
.359
.360
.481
.512
.364
.374
31
93.6
95.2
9
Graphs
41

De La Cruz, Elly
1447
2751
52.6
366
322
223
97
53
17
8
19
100
27.3
43
11.7
168
637
.301
.277
.383
.362
.581
.550
.408
.387
39
93.1
93.5
11
Graphs
42

Suzuki, Seiya
1446
2509
57.6
338
286
212
91
59
12
3
17
75
22.2
46
13.6
106
582
.318
.298
.420
.404
.559
.575
.420
.416
35
93.7
94.2
17
Graphs
43

Garcia, Maikel
1438
2360
60.9
356
321
262
68
50
11
3
4
62
17.4
32
9.0
86
607
.212
.265
.281
.331
.302
.379
.261
.314
9
93.3
92.9
5
Graphs
44

Turang, Brice
1435
2470
58.1
319
280
231
81
57
18
1
5
51
16.0
36
11.3
85
723
.289
.277
.370
.361
.414
.386
.345
.332
7
93.2
90.0
6
Graphs
45

Bregman, Alex
1432
2393
59.8
423
379
341
103
73
18
2
10
42
9.9
36
8.5
58
663
.272
.276
.338
.344
.409
.438
.327
.341
19
93.4
90.6
18
Graphs
46

Tovar, Ezequiel
1419
2528
56.1
355
336
244
81
50
19
1
11
96
27.0
11
3.1
259
866
.241
.233
.268
.264
.402
.384
.288
.281
21
93.1
89.6
20
Graphs
47

Semien, Marcus
1414
2626
53.8
420
380
342
97
64
16
2
15
38
9.0
38
9.0
93
734
.255
.298
.326
.365
.426
.489
.329
.369
30
93.1
89.8
17
Graphs
48

Hernández, Teoscar
1408
2608
54.0
327
283
211
83
57
13
1
12
73
22.3
36
11.0
187
707
.293
.278
.383
.370
.473
.510
.374
.378
27
93.8
92.7
8
Graphs
49

Vierling, Matt
1407
2312
60.9
321
290
229
79
51
16
3
9
63
19.6
28
8.7
89
598
.272
.273
.336
.337
.441
.425
.337
.332
20
93.3
91.5
11
Graphs
50

Schanuel, Nolan
1395
2356
59.2
357
303
253
71
50
14
0
7
54
15.1
46
12.9
57
596
.234
.251
.337
.353
.350
.359
.309
.320
9
93.3
87.1
12
Graphs
51

Arenado, Nolan
1388
2452
56.6
342
307
273
90
69
13
0
8
37
10.8
26
7.6
88
651
.293
.258
.355
.326
.414
.367
.337
.308
7
93.4
87.8
21
Graphs
52

Rutschman, Adley
1387
2593
53.5
336
293
251
80
56
11
0
13
44
13.1
39
11.6
82
622
.273
.275
.360
.362
.444
.456
.352
.356
20
93.6
89.4
23
Graphs
53

Smith, Will
1382
2271
60.9
313
273
218
73
43
16
2
12
59
18.8
31
9.9
119
617
.267
.273
.348
.358
.473
.538
.354
.383
29
93.8
93.0
19
Graphs
54

Verdugo, Alex
1375
2342
58.7
359
314
270
72
52
12
1
7
49
13.6
39
10.9
85
599
.229
.245
.312
.329
.341
.376
.291
.313
16
93.2
88.7
11
Graphs
55

Hoerner, Nico
1372
2314
59.3
375
331
302
93
70
18
0
5
31
8.3
33
8.8
52
663
.281
.288
.360
.367
.381
.366
.330
.329
3
93.4
87.3
6
Graphs
56

Castro, Willi
1370
2509
54.6
336
286
219
75
47
19
2
7
70
20.8
37
11.0
159
701
.262
.271
.363
.375
.416
.452
.344
.366
19
93.5
89.1
17
Graphs
57

Witt Jr., Bobby
1369
2600
52.7
359
320
275
110
63
21
8
18
51
14.2
28
7.8
131
724
.344
.340
.398
.400
.628
.698
.430
.457
50
93.6
95.2
17
Graphs
58

Stott, Bryson
1368
2307
59.3
324
275
238
59
41
8
2
8
45
13.9
39
12.0
89
597
.215
.255
.309
.346
.345
.382
.290
.323
8
93.5
89.4
18
Graphs
59

Giménez, Andrés
1332
2400
55.5
352
323
284
86
66
13
1
6
41
11.6
18
5.1
124
743
.266
.279
.321
.336
.368
.392
.305
.323
10
92.8
87.3
12
Graphs
60

Chisholm Jr., Jazz
1330
2495
53.3
341
307
244
82
53
11
3
15
64
18.8
31
9.1
150
654
.267
.258
.337
.332
.469
.478
.349
.351
29
93.2
90.9
12
Graphs
61

Reynolds, Bryan
1330
2604
51.1
363
318
262
99
70
12
0
17
58
16.0
37
10.2
126
666
.311
.311
.391
.393
.509
.570
.390
.412
32
93.2
92.2
12
Graphs
62

Springer, George
1327
2304
57.6
376
324
270
78
55
10
2
11
56
14.9
44
11.7
146
666
.241
.277
.339
.370
.386
.464
.322
.363
28
92.8
89.4
8
Graphs
63

Smith, Josh
1323
2327
56.9
348
304
244
80
53
16
1
10
61
17.5
35
10.1
106
622
.263
.259
.353
.350
.421
.390
.341
.328
8
93.1
88.8
19
Graphs
64

Ramírez, José
1322
2735
48.3
329
301
273
91
45
24
1
21
32
9.7
24
7.3
78
663
.302
.273
.350
.327
.598
.491
.398
.352
26
93.1
90.3
23
Graphs
65

Busch, Michael
1321
2365
55.9
326
276
200
67
36
18
0
13
78
23.9
46
14.1
130
608
.243
.249
.353
.360
.449
.490
.350
.366
27
93.3
91.5
18
Graphs
66

Alvarez, Yordan
1309
2264
57.8
346
304
261
97
56
19
2
20
45
13.0
35
10.1
88
616
.319
.316
.396
.395
.592
.638
.419
.433
41
93.4
95.0
18
Graphs
67

Kwan, Steven
1307
2165
60.4
315
272
251
89
68
8
2
11
21
6.7
42
13.3
23
511
.327
.308
.419
.403
.493
.417
.398
.364
5
93.1
88.1
16
Graphs
68

Greene, Riley
1298
2415
53.7
311
263
203
79
43
18
4
14
60
19.3
44
14.1
106
570
.300
.292
.406
.400
.559
.541
.413
.403
26
92.9
92.4
10
Graphs
69

Harper, Bryce
1291
2469
52.3
285
246
194
80
48
18
0
14
52
18.2
38
13.3
131
643
.325
.321
.418
.414
.569
.556
.423
.415
23
93.4
92.9
14
Graphs
70

Arcia, Orlando
1288
2332
55.2
347
314
262
80
48
18
0
14
55
15.9
28
8.1
142
678
.255
.233
.317
.298
.446
.396
.329
.303
20
93.5
89.1
10
Graphs
71

Ortiz, Joey
1284
2124
60.5
305
260
207
62
39
15
4
4
54
17.7
42
13.8
66
512
.238
.240
.348
.350
.373
.348
.322
.316
8
93.3
89.1
6
Graphs
72

Hoskins, Rhys
1280
2243
57.1
294
248
179
60
37
6
0
17
73
24.8
35
11.9
120
561
.242
.223
.342
.329
.472
.430
.352
.332
21
93.5
89.2
21
Graphs
73

Morel, Christopher
1278
2352
54.3
351
305
228
65
46
6
1
12
80
22.8
37
10.5
187
634
.213
.246
.308
.340
.357
.448
.297
.346
25
93.8
90.8
14
Graphs
74

Bohm, Alec
1270
2122
59.8
368
331
284
90
58
22
1
9
51
13.9
30
8.2
92
632
.272
.297
.334
.361
.426
.475
.330
.362
22
93.1
91.2
11
Graphs
75

Altuve, Jose
1270
2454
51.8
347
320
273
94
69
13
0
12
47
13.5
25
7.2
97
622
.294
.282
.349
.338
.447
.455
.347
.343
21
93.3
87.7
15
Graphs
76

Walker, Christian
1269
2315
54.8
279
233
177
59
32
12
0
15
61
21.9
35
12.5
133
597
.253
.276
.358
.388
.498
.512
.367
.398
26
93.8
92.3
16
Graphs
77

Langford, Wyatt
1264
2256
56.0
311
274
213
72
50
12
2
8
62
19.9
33
10.6
107
553
.263
.279
.347
.362
.409
.456
.333
.356
18
93.6
90.8
13
Graphs
78

De La Cruz, Bryan
1263
2394
52.8
336
309
234
80
51
14
0
15
80
23.8
19
5.7
186
706
.259
.278
.301
.321
.450
.509
.322
.353
28
93.3
92.1
13
Graphs
79

Rodríguez, Julio
1260
2385
52.8
324
298
232
94
71
10
0
13
68
21.0
22
6.8
169
685
.315
.323
.364
.373
.480
.551
.365
.396
27
93.6
93.7
7
Graphs
80

Merrill, Jackson
1244
2214
56.2
317
296
254
89
59
13
0
17
45
14.2
18
5.7
130
714
.301
.323
.338
.359
.517
.613
.365
.407
34
93.4
91.8
15
Graphs
81

Rooker, Brent
1244
2378
52.3
329
287
213
97
61
13
1
22
76
23.1
37
11.2
159
630
.338
.309
.416
.391
.620
.657
.439
.437
36
93.7
93.4
19
Graphs
82

Bell, Josh
1242
2238
55.5
342
302
250
82
56
14
1
11
53
15.5
33
9.6
124
602
.272
.261
.350
.342
.434
.430
.343
.337
14
93.2
90.3
10
Graphs
83

Doyle, Brenton
1238
2158
57.4
359
319
245
88
59
13
3
13
77
21.4
35
9.7
148
647
.276
.281
.348
.353
.458
.493
.349
.364
28
93.0
90.5
12
Graphs
84

Swanson, Dansby
1230
2355
52.2
338
297
235
78
51
15
1
11
63
18.6
38
11.2
153
636
.263
.279
.349
.364
.431
.492
.342
.369
23
93.4
91.8
11
Graphs
85

Raleigh, Cal
1230
2514
48.9
328
287
209
64
38
8
0
18
81
24.7
37
11.3
154
661
.223
.241
.311
.330
.439
.519
.325
.362
34
93.5
93.4
27
Graphs
86

McCutchen, Andrew
1230
2163
56.9
304
268
201
72
44
12
1
15
68
22.4
33
10.9
137
539
.269
.263
.352
.348
.489
.500
.363
.364
28
93.3
90.4
15
Graphs
87

Betts, Mookie
1227
2047
59.9
306
255
235
83
57
13
3
10
21
6.9
49
16.0
37
479
.325
.331
.435
.440
.518
.528
.413
.420
16
93.6
90.9
20
Graphs
88

Winker, Jesse
1221
2063
59.2
303
254
198
64
44
15
0
5
58
19.1
40
13.2
101
559
.252
.257
.366
.370
.370
.363
.332
.331
9
93.6
87.5
14
Graphs
89

France, Ty
1218
2028
60.1
324
290
229
70
46
15
0
9
63
19.4
25
7.7
122
624
.241
.245
.315
.319
.386
.408
.309
.318
15
93.3
89.7
12
Graphs
90

Peña, Jeremy
1217
2272
53.6
353
325
285
93
74
13
1
5
42
11.9
15
4.2
95
620
.286
.302
.337
.354
.378
.433
.316
.345
12
93.2
88.8
7
Graphs
91

Bleday, JJ
1217
2483
49.0
344
300
260
87
42
29
2
14
40
11.6
44
12.8
91
584
.290
.280
.381
.372
.540
.474
.394
.367
25
93.5
90.3
21
Graphs
92

Chourio, Jackson
1213
2103
57.7
303
277
215
79
48
22
1
8
62
20.5
25
8.3
132
570
.285
.271
.347
.334
.458
.430
.349
.333
18
93.1
91.1
9
Graphs
93

Soler, Jorge
1213
2361
51.4
326
273
221
76
39
21
1
15
55
16.9
45
13.8
108
555
.278
.286
.381
.391
.527
.556
.389
.406
33
93.0
92.5
18
Graphs
94

Santana, Carlos
1211
2423
50.0
320
273
233
66
39
14
0
13
41
12.8
43
13.4
103
541
.242
.267
.350
.372
.436
.462
.345
.363
18
93.3
89.9
19
Graphs
95

Schneider, Davis
1202
1974
60.9
277
236
158
47
27
10
1
9
82
29.6
35
12.6
148
535
.199
.211
.303
.320
.364
.425
.296
.329
25
93.2
91.6
26
Graphs
96

Cowser, Colton
1199
2311
51.9
277
237
168
63
33
11
2
17
71
25.6
32
11.6
108
537
.266
.273
.365
.374
.544
.556
.387
.398
29
93.5
93.7
16
Graphs
97

Frelick, Sal
1198
2046
58.6
324
289
251
82
61
18
2
1
39
12.0
30
9.3
55
516
.284
.259
.354
.332
.370
.330
.322
.298
3
93.2
85.3
12
Graphs
98

Kim, Ha-Seong
1197
1982
60.4
286
244
198
57
39
9
3
6
48
16.8
38
13.3
76
487
.234
.264
.339
.369
.369
.382
.316
.338
12
93.5
89.6
14
Graphs
99

Varsho, Daulton
1196
2048
58.4
301
259
184
54
32
9
2
11
76
25.2
39
13.0
148
564
.208
.192
.316
.302
.386
.333
.311
.285
12
93.0
86.5
27
Graphs
100

Blackmon, Charlie
1189
1920
61.9
295
260
220
72
43
17
4
8
41
13.9
28
9.5
78
540
.277
.251
.359
.337
.465
.388
.358
.321
14
93.1
84.7
18
Graphs
101

Vaughn, Andrew
1184
2337
50.7
314
283
240
80
54
14
0
12
46
14.6
24
7.6
90
626
.283
.275
.344
.339
.459
.533
.348
.371
26
93.2
92.5
17
Graphs
102

Bellinger, Cody
1176
2083
56.5
334
302
265
84
53
17
1
13
41
12.3
27
8.1
113
613
.278
.262
.335
.322
.470
.445
.346
.332
19
93.5
89.8
18
Graphs
103

Yastrzemski, Mike
1176
1955
60.2
276
243
171
51
28
7
4
12
72
26.1
29
10.5
117
488
.210
.230
.304
.322
.420
.443
.316
.332
21
93.4
91.4
21
Graphs
104

Pasquantino, Vinnie
1175
2133
55.1
326
296
269
80
52
21
1
6
32
9.8
23
7.1
54
566
.270
.279
.322
.333
.409
.454
.317
.340
19
93.1
92.0
16
Graphs
105

Crawford, J.P.
1174
1911
61.4
276
234
175
50
33
9
1
7
59
21.4
39
14.1
91
483
.214
.257
.333
.371
.350
.408
.309
.346
14
93.2
89.0
13
Graphs
106

Ramos, Heliot
1172
2011
58.3
276
246
184
72
48
12
1
11
64
23.2
27
9.8
145
580
.293
.264
.362
.340
.484
.531
.365
.371
29
93.5
91.6
10
Graphs
107

Benintendi, Andrew
1170
1995
58.6
290
256
203
60
35
13
0
12
55
19.0
31
10.7
115
552
.234
.236
.317
.319
.426
.404
.324
.317
15
93.0
89.9
19
Graphs
108

Burleson, Alec
1165
2117
55.0
339
308
273
82
62
10
0
10
39
11.5
24
7.1
125
694
.266
.268
.318
.322
.396
.438
.311
.330
18
93.3
90.9
17
Graphs
109

Neto, Zach
1161
2289
50.7
321
279
240
73
43
16
0
14
39
12.1
30
9.3
101
585
.262
.281
.358
.375
.470
.520
.361
.385
21
93.5
89.9
12
Graphs
110

Thomas, Lane
1153
2080
55.4
290
259
196
67
39
16
1
11
67
23.1
25
8.6
83
507
.259
.266
.324
.334
.456
.426
.335
.333
16
93.0
90.2
18
Graphs
111

Gurriel Jr., Lourdes
1150
2083
55.2
308
278
235
89
66
11
1
11
45
14.6
23
7.5
76
581
.320
.280
.380
.344
.486
.444
.375
.342
15
93.8
90.3
13
Graphs
112

Marte, Ketel
1148
2146
53.5
325
276
236
92
56
12
2
22
47
14.5
40
12.3
81
553
.333
.319
.412
.408
.630
.613
.436
.434
31
93.5
95.3
9
Graphs
113

Stephenson, Tyler
1142
1947
58.7
324
289
229
78
51
10
1
16
61
18.8
26
8.0
90
527
.270
.265
.346
.341
.478
.468
.357
.350
23
93.4
91.6
10
Graphs
114

Mullins, Cedric
1138
1938
58.7
284
244
202
62
41
8
3
10
43
15.1
33
11.6
90
569
.254
.249
.349
.344
.434
.405
.343
.331
12
93.3
87.4
23
Graphs
115

Schuemann, Max
1121
1835
61.1
276
236
182
49
35
9
0
5
57
20.7
31
11.2
102
488
.208
.240
.312
.342
.309
.393
.283
.326
14
93.6
91.3
17
Graphs
116

Abrams, CJ
1121
2261
49.6
290
257
205
82
49
13
4
16
54
18.6
23
7.9
118
595
.319
.270
.390
.348
.588
.476
.415
.358
20
93.1
89.1
16
Graphs
117

Marsh, Brandon
1121
2007
55.9
276
237
166
64
40
13
2
9
73
26.4
35
12.7
106
477
.270
.272
.366
.371
.456
.492
.358
.375
18
93.6
93.4
14
Graphs
118

Riley, Austin
1115
1822
61.2
281
250
191
63
40
12
1
10
61
21.7
25
8.9
114
541
.252
.283
.327
.359
.428
.526
.329
.380
29
93.4
94.2
14
Graphs
119

Canha, Mark
1113
1946
57.2
269
225
180
60
41
15
0
4
49
18.2
34
12.6
106
520
.267
.224
.372
.340
.387
.334
.338
.309
7
93.3
90.2
10
Graphs
120

Rodgers, Brendan
1106
2079
53.2
289
271
216
84
62
15
0
7
55
19.0
17
5.9
90
556
.310
.278
.353
.323
.443
.419
.347
.323
12
93.0
90.0
2
Graphs
121

Perez, Salvador
1104
2301
48.0
305
274
233
75
47
14
0
14
45
14.8
17
5.6
127
634
.274
.293
.332
.351
.478
.602
.348
.399
33
93.3
92.9
21
Graphs
122

Castellanos, Nick
1101
2344
47.0
300
265
219
79
54
14
3
8
47
15.7
24
8.0
132
606
.298
.319
.377
.395
.464
.534
.367
.399
19
93.5
92.2
13
Graphs
123

Rafaela, Ceddanne
1100
2070
53.1
275
258
186
62
41
10
3
8
73
26.5
11
4.0
208
661
.240
.236
.284
.280
.395
.416
.295
.300
21
93.5
88.7
17
Graphs
124

Martinez, J.D.
1099
2052
53.6
259
224
155
58
32
14
1
11
69
26.6
28
10.8
119
528
.259
.282
.352
.372
.478
.568
.360
.399
28
93.5
94.5
14
Graphs
125

Young, Jacob
1096
1955
56.1
265
239
193
73
56
15
0
2
48
18.1
19
7.2
75
500
.305
.291
.366
.353
.393
.374
.336
.323
5
93.2
88.5
8
Graphs
126

Cruz, Oneil
1093
2381
45.9
278
251
193
74
44
20
0
10
61
21.9
22
7.9
105
510
.295
.316
.353
.374
.494
.585
.363
.406
33
93.6
98.4
10
Graphs
127

Naylor, Josh
1089
2284
47.7
349
312
277
81
45
19
0
17
38
10.9
29
8.3
66
547
.260
.299
.330
.367
.484
.504
.349
.374
23
93.0
91.1
12
Graphs
128

Burger, Jake
1085
2081
52.1
296
268
220
78
46
15
0
17
50
16.9
20
6.8
113
557
.291
.288
.351
.351
.537
.546
.379
.381
31
93.4
91.9
13
Graphs
129

Sánchez, Jesús
1080
1991
54.2
279
246
187
70
44
17
1
8
59
21.1
31
11.1
145
569
.285
.290
.369
.374
.459
.488
.362
.373
23
93.7
93.8
7
Graphs
130

Langeliers, Shea
1080
1993
54.2
290
259
189
54
33
8
2
11
72
24.8
25
8.6
113
530
.208
.251
.286
.326
.382
.436
.293
.332
20
93.4
93.4
19
Graphs
131

Conforto, Michael
1078
1965
54.9
282
253
194
71
37
18
2
14
60
21.3
26
9.2
94
493
.281
.280
.351
.351
.534
.538
.377
.378
25
93.2
90.8
17
Graphs
132

O'Neill, Tyler
1077
1984
54.3
265
230
154
58
29
11
0
18
78
29.4
30
11.3
147
490
.252
.222
.343
.319
.535
.525
.374
.358
26
93.2
93.3
26
Graphs
133

Diaz, Yainer
1076
2128
50.6
279
258
214
88
65
11
3
9
47
16.8
17
6.1
139
639
.341
.321
.380
.364
.512
.499
.383
.372
16
93.4
93.1
8
Graphs
134

Lux, Gavin
1075
1939
55.4
261
234
188
73
50
14
1
8
46
17.6
25
9.6
78
488
.312
.296
.383
.369
.483
.448
.377
.357
12
93.6
89.9
11
Graphs
135

Pham, Tommy
1073
1923
55.8
273
245
199
73
53
11
1
8
47
17.2
26
9.5
79
448
.298
.307
.366
.375
.449
.492
.356
.374
15
93.1
91.9
8
Graphs
136

Mountcastle, Ryan
1070
1901
56.3
252
230
186
66
43
17
1
5
48
19.0
17
6.7
127
605
.287
.293
.333
.344
.435
.453
.331
.348
15
93.3
92.6
7
Graphs
137

Abreu, Wilyer
1069
1806
59.2
242
210
143
57
26
22
0
9
69
28.5
29
12.0
143
482
.271
.235
.360
.330
.505
.450
.371
.338
16
93.7
92.9
18
Graphs
138

Rojas, Josh
1066
1901
56.1
276
236
179
57
35
14
1
7
58
21.0
35
12.7
105
507
.242
.232
.345
.339
.398
.397
.330
.326
14
93.4
90.2
17
Graphs
139

DeJong, Paul
1064
1851
57.5
272
247
169
63
35
11
0
17
80
29.4
16
5.9
200
627
.255
.228
.316
.293
.506
.458
.351
.322
21
93.2
89.6
22
Graphs
140

Sheets, Gavin
1059
2087
50.7
279
250
212
65
42
15
1
7
40
14.3
26
9.3
78
526
.260
.289
.330
.358
.412
.455
.324
.354
15
93.1
90.2
15
Graphs
141

Heim, Jonah
1057
1781
59.3
299
279
226
64
47
8
1
8
53
17.7
19
6.4
114
597
.229
.240
.281
.291
.351
.375
.279
.292
13
93.6
89.9
18
Graphs
142

Taveras, Leody
1055
2008
52.5
287
255
206
64
46
10
2
6
51
17.8
30
10.5
82
486
.251
.266
.328
.344
.376
.422
.311
.335
12
93.5
92.0
13
Graphs
143

Gelof, Zack
1054
2055
51.3
280
247
168
59
36
12
2
9
82
29.3
27
9.6
166
528
.239
.224
.318
.309
.413
.408
.319
.316
17
93.5
89.9
16
Graphs
144

Adell, Jo
1054
1840
57.3
279
246
188
55
36
7
1
11
60
21.5
23
8.2
139
561
.224
.246
.306
.328
.394
.420
.308
.327
18
93.6
88.7
13
Graphs
145

Wong, Connor
1052
1865
56.4
251
227
176
71
48
18
1
4
52
20.7
18
7.2
126
529
.313
.252
.375
.322
.454
.388
.361
.316
12
93.4
87.0
14
Graphs
146

Perkins, Blake
1052
1734
60.7
247
209
163
49
38
7
0
4
50
20.2
34
13.8
97
433
.234
.250
.336
.352
.325
.375
.299
.325
8
93.1
89.0
15
Graphs
147

Melendez, MJ
1039
1845
56.3
244
223
164
46
26
8
1
11
59
24.2
20
8.2
160
565
.206
.253
.272
.315
.399
.483
.292
.341
17
93.4
94.0
14
Graphs
148

Keith, Colt
1031
2022
51.0
271
247
213
72
58
9
1
4
35
12.9
22
8.1
87
524
.291
.291
.351
.350
.385
.419
.325
.337
10
93.1
89.3
13
Graphs
149

Turner, Trea
1029
2043
50.4
302
279
242
88
58
14
0
16
38
12.6
19
6.3
94
574
.315
.301
.364
.352
.538
.525
.387
.374
24
93.3
90.9
14
Graphs
150

Butler, Lawrence
1028
1815
56.6
253
228
171
61
33
13
1
14
59
23.3
23
9.1
117
518
.268
.264
.332
.335
.518
.461
.362
.345
16
93.6
91.2
9
Graphs
151

Kiner-Falefa, Isiah
1026
1710
60.0
280
262
228
73
56
11
2
4
35
12.5
13
4.6
49
451
.279
.274
.321
.317
.382
.392
.309
.310
6
92.8
86.6
9
Graphs
152

Jeffers, Ryan
1025
1807
56.7
275
236
194
55
32
12
0
11
47
17.1
23
8.4
72
490
.233
.239
.324
.332
.424
.412
.326
.326
15
93.5
88.4
15
Graphs
153

O'Hearn, Ryan
1022
1920
53.2
273
249
218
70
49
10
1
10
32
11.7
21
7.7
52
475
.281
.295
.341
.356
.450
.493
.343
.366
16
93.4
90.9
13
Graphs
154

McNeil, Jeff
1010
1711
59.0
294
267
237
63
36
18
0
9
31
10.5
21
7.1
65
588
.236
.259
.303
.324
.404
.382
.309
.311
9
93.3
88.4
17
Graphs
155

Pérez, Wenceel
1009
1754
57.5
244
222
177
58
37
11
4
6
46
18.9
21
8.6
93
492
.261
.250
.324
.314
.428
.383
.326
.307
10
93.3
88.6
17
Graphs
156

O'Hoppe, Logan
1008
1983
50.8
270
241
171
60
44
7
0
9
71
26.3
22
8.1
142
511
.249
.271
.326
.346
.390
.496
.317
.362
22
93.5
92.1
16
Graphs
157

Triolo, Jared
1007
1764
57.1
268
229
172
49
35
9
1
4
60
22.4
31
11.6
103
508
.214
.250
.317
.350
.314
.373
.287
.323
9
93.0
90.1
12
Graphs
158

Caballero, José
1004
1894
53.0
268
240
177
63
37
18
1
7
66
24.6
18
6.7
117
539
.263
.238
.328
.311
.433
.364
.331
.303
12
93.5
85.7
18
Graphs
159

Pages, Andy
1001
1719
58.2
246
219
162
58
37
15
1
5
59
24.0
21
8.5
116
507
.265
.243
.335
.318
.411
.421
.326
.323
18
94.0
90.0
20
Graphs
160

Polanco, Jorge
991
1946
50.9
228
204
156
46
26
9
0
11
50
21.9
22
9.6
94
479
.225
.265
.298
.333
.431
.516
.315
.361
19
93.4
91.1
21
Graphs
161

Stanton, Giancarlo
990
1831
54.1
233
208
148
52
29
11
0
12
61
26.2
22
9.4
130
453
.250
.274
.326
.348
.476
.581
.346
.391
31
93.4
94.9
18
Graphs
162

Moore, Dylan
990
1804
54.9
271
218
147
47
21
15
2
9
73
26.9
43
15.9
110
464
.216
.219
.362
.367
.427
.396
.348
.343
20
93.2
89.8
22
Graphs
163

Bogaerts, Xander
985
1791
55.0
255
237
207
71
54
11
0
6
32
12.5
15
5.9
49
447
.300
.281
.341
.325
.422
.410
.332
.321
10
93.2
89.6
9
Graphs
164

Harris II, Michael
970
1685
57.6
247
229
198
57
39
9
2
7
33
13.4
14
5.7
81
510
.249
.298
.296
.345
.397
.464
.301
.352
17
93.6
89.9
10
Graphs
165

Bailey, Patrick
966
1787
54.1
250
221
172
53
36
10
0
7
51
20.4
27
10.8
72
466
.240
.274
.320
.351
.380
.456
.309
.350
13
93.4
93.3
13
Graphs
166

Toglia, Michael
962
1920
50.1
255
221
162
60
30
10
3
17
61
23.9
32
12.5
92
452
.271
.286
.361
.375
.575
.610
.395
.413
30
93.1
92.1
15
Graphs
167

Tauchman, Mike
961
1537
62.5
218
177
135
40
28
6
0
6
43
19.7
39
17.9
96
447
.226
.248
.367
.387
.362
.428
.331
.362
14
93.7
90.1
16
Graphs
168

Kirk, Alejandro
958
1495
64.1
225
193
176
51
38
10
1
2
21
9.3
27
12.0
54
437
.264
.273
.351
.363
.358
.426
.316
.350
14
93.3
90.0
14
Graphs
169

Urshela, Gio
951
1693
56.2
254
236
199
65
49
10
0
6
38
15.0
16
6.3
102
509
.275
.275
.323
.324
.394
.425
.314
.325
13
93.3
89.2
11
Graphs
170

McCarthy, Jake
950
1786
53.2
261
231
198
66
51
6
4
5
35
13.4
20
7.7
52
479
.286
.269
.360
.349
.411
.380
.340
.326
6
93.5
85.4
10
Graphs
171

García Jr., Luis
949
1883
50.4
256
235
206
71
57
9
0
5
30
11.7
20
7.8
64
478
.302
.308
.355
.361
.404
.497
.334
.369
13
93.2
91.6
10
Graphs
172

Pederson, Joc
948
1810
52.4
215
172
120
54
28
11
0
15
54
25.1
34
15.8
92
392
.314
.291
.439
.424
.640
.585
.453
.429
24
93.9
94.1
22
Graphs
173

Seager, Corey
944
1872
50.4
262
236
186
66
38
12
0
16
50
19.1
24
9.2
104
513
.280
.276
.351
.348
.534
.579
.379
.391
30
93.3
94.1
14
Graphs
174

Lopez, Nicky
944
1628
58.0
244
212
185
66
55
8
2
1
27
11.1
31
12.7
64
452
.311
.269
.402
.365
.382
.360
.352
.326
5
93.0
86.7
11
Graphs
175

Tellez, Rowdy
944
1666
56.7
239
211
174
56
37
11
0
8
40
16.7
24
10.0
50
396
.265
.259
.339
.334
.431
.457
.335
.341
16
93.5
92.5
15
Graphs
176

Yoshida, Masataka
943
1593
59.2
254
220
203
68
47
13
0
8
19
7.5
23
9.1
40
419
.309
.276
.394
.369
.477
.447
.380
.358
12
93.3
88.4
10
Graphs
177

Meyers, Jake
941
1817
51.8
281
252
212
63
40
13
3
7
42
14.9
21
7.5
84
501
.250
.280
.320
.348
.409
.453
.318
.349
15
93.6
88.5
15
Graphs
178

Perdomo, Geraldo
935
1580
59.2
233
194
173
59
43
11
2
3
25
10.7
33
14.2
38
380
.304
.233
.403
.346
.428
.336
.366
.309
7
93.7
88.2
21
Graphs
179

Moreno, Gabriel
933
1532
60.9
194
163
136
44
29
11
1
3
29
14.9
27
13.9
61
368
.270
.267
.376
.374
.405
.426
.346
.352
12
93.4
91.0
10
Graphs
180

Kelenic, Jarred
932
1758
53.0
239
219
168
57
35
11
2
9
52
21.8
19
7.9
132
495
.260
.271
.318
.329
.452
.475
.332
.346
17
93.4
90.7
20
Graphs
181

Haniger, Mitch
932
1758
53.0
245
215
158
48
29
9
0
10
58
23.7
28
11.4
124
455
.223
.235
.314
.325
.405
.427
.316
.329
19
93.2
90.4
14
Graphs
182

Nootbaar, Lars
931
1659
56.1
257
218
182
55
36
10
2
7
39
15.2
35
13.6
49
368
.252
.293
.354
.390
.413
.504
.337
.385
16
93.4
93.5
5
Graphs
183

Siri, Jose
929
1788
52.0
237
207
123
41
18
12
1
10
85
35.9
23
9.7
181
441
.198
.220
.295
.316
.411
.467
.309
.338
22
93.8
90.7
18
Graphs
184

Albies, Ozzie
925
1649
56.1
219
193
172
50
29
15
0
6
24
11.0
19
8.7
93
509
.259
.280
.333
.355
.430
.491
.332
.364
17
93.2
90.1
22
Graphs
185

Gorman, Nolan
922
1596
57.8
213
184
118
38
21
6
0
11
67
31.5
27
12.7
151
456
.207
.232
.310
.333
.418
.481
.319
.352
20
93.6
89.9
21
Graphs
186

Wade Jr., LaMonte
920
1639
56.1
204
157
122
43
31
7
0
5
37
18.1
43
21.1
70
364
.274
.307
.431
.459
.414
.521
.380
.425
13
93.5
91.2
15
Graphs
187

Tatis Jr., Fernando
910
1551
58.7
246
215
176
61
37
10
0
14
39
15.9
26
10.6
97
453
.284
.346
.374
.429
.526
.639
.388
.452
28
93.3
93.8
11
Graphs
188

Horwitz, Spencer
910
1582
57.5
201
169
138
49
32
11
0
6
35
17.4
25
12.4
78
427
.290
.259
.383
.361
.462
.419
.367
.344
9
93.3
88.9
16
Graphs
189

Benson, Will
910
1656
55.0
232
201
129
40
17
12
2
9
73
31.5
28
12.1
142
467
.199
.204
.302
.307
.413
.403
.312
.311
16
93.0
90.9
21
Graphs
190

Rocchio, Brayan
909
1669
54.5
230
192
163
42
25
14
0
3
34
14.8
30
13.0
69
438
.219
.234
.326
.340
.339
.344
.298
.307
6
92.9
85.4
13
Graphs
191

Lowe, Josh
903
1672
54.0
199
175
112
40
25
8
0
7
63
31.7
24
12.1
139
459
.229
.231
.322
.324
.394
.415
.316
.323
13
93.8
93.0
17
Graphs
192

Realmuto, J.T.
892
1583
56.3
240
219
171
63
43
12
1
7
48
20.0
18
7.5
88
466
.288
.296
.350
.358
.447
.491
.348
.365
16
93.4
91.3
11
Graphs
193

Candelario, Jeimer
891
1781
50.0
247
227
182
60
31
16
0
13
47
19.0
16
6.5
99
467
.264
.255
.316
.308
.507
.464
.350
.332
19
92.8
88.4
15
Graphs
194

Bader, Harrison
883
1647
53.6
242
217
181
56
38
10
0
8
39
16.1
16
6.6
67
419
.258
.270
.322
.337
.415
.443
.321
.340
14
93.5
89.1
11
Graphs
195

Hernández, Enrique
877
1518
57.8
226
210
174
51
37
7
0
7
37
16.4
15
6.6
78
428
.243
.242
.292
.291
.376
.357
.292
.285
7
93.5
90.8
17
Graphs
196

Dubón, Mauricio
874
1450
60.3
237
223
190
55
42
12
0
1
35
14.8
10
4.2
99
536
.247
.235
.283
.275
.314
.324
.264
.267
6
93.2
88.7
12
Graphs
197

Garver, Mitch
868
1815
47.8
227
184
130
36
15
9
0
12
56
24.7
37
16.3
72
329
.196
.205
.339
.350
.440
.432
.341
.345
15
93.0
92.6
19
Graphs
198

Joe, Connor
861
1651
52.2
219
186
155
53
34
15
0
4
32
14.6
31
14.2
59
369
.285
.237
.388
.347
.430
.350
.361
.315
7
93.4
87.7
16
Graphs
199

Torkelson, Spencer
856
1593
53.7
211
181
142
40
23
11
1
5
40
19.0
26
12.3
70
399
.221
.225
.327
.331
.376
.380
.313
.315
10
93.1
91.4
21
Graphs
200

Naylor, Bo
855
1624
52.6
208
187
132
38
22
6
1
9
56
26.9
19
9.1
105
413
.203
.217
.279
.291
.390
.394
.292
.298
14
93.4
92.1
24
Graphs
201

Espinal, Santiago
853
1505
56.7
213
192
173
54
45
3
0
6
21
9.9
17
8.0
48
438
.281
.277
.343
.341
.391
.370
.323
.315
3
93.4
87.3
14
Graphs
202

Renfroe, Hunter
851
1652
51.5
231
204
176
52
35
7
0
10
29
12.6
25
10.8
54
375
.255
.262
.338
.345
.436
.466
.338
.351
15
93.0
90.8
20
Graphs
203

Fry, David
850
1515
56.1
231
204
160
55
33
12
0
10
47
20.3
16
6.9
99
443
.270
.262
.336
.333
.475
.436
.349
.335
13
92.8
88.6
20
Graphs
204

Hayes, Ke'Bryan
844
1470
57.4
204
186
159
39
36
3
0
0
29
14.2
13
6.4
49
378
.210
.247
.270
.306
.226
.331
.229
.285
2
93.7
90.0
4
Graphs
205

Jones, Nolan
840
1301
64.6
179
150
101
37
26
9
0
2
50
27.9
27
15.1
70
321
.247
.218
.363
.342
.347
.341
.322
.313
7
93.1
88.5
5
Graphs
206

Robert Jr., Luis
840
1609
52.2
209
191
130
47
30
11
0
6
62
29.7
14
6.7
142
438
.246
.238
.303
.299
.398
.433
.306
.321
16
93.4
92.4
13
Graphs
207

Singleton, Jon
838
1626
51.5
223
189
150
47
31
8
1
7
41
18.4
32
14.3
61
345
.249
.242
.354
.352
.413
.435
.338
.344
16
93.2
90.0
13
Graphs
208

Lopez, Otto
835
1545
54.0
225
200
168
55
41
9
1
4
34
15.1
21
9.3
70
419
.275
.290
.344
.358
.390
.444
.323
.350
11
93.4
92.5
6
Graphs
209

Fermin, Freddy
833
1434
58.1
226
210
178
59
47
10
0
2
33
14.6
15
6.6
77
460
.281
.250
.327
.299
.357
.339
.303
.282
5
93.2
89.9
10
Graphs
210

Isbel, Kyle
830
1582
52.5
210
184
143
46
28
6
7
5
42
20.0
22
10.5
52
368
.250
.253
.338
.344
.440
.386
.338
.326
10
93.0
90.7
12
Graphs
211

Drury, Brandon
829
1397
59.3
217
191
141
31
24
4
0
3
52
24.0
19
8.8
98
397
.162
.186
.253
.279
.230
.302
.226
.267
7
93.4
88.7
6
Graphs
212

Ruiz, Keibert
829
1659
50.0
261
248
228
55
34
11
0
10
21
8.0
9
3.4
28
430
.222
.248
.257
.282
.387
.371
.278
.284
10
93.2
87.1
22
Graphs
213

Westburg, Jordan
828
1634
50.7
262
240
193
68
34
17
2
15
48
18.3
15
5.7
99
433
.283
.306
.340
.363
.558
.575
.381
.398
29
93.4
92.6
14
Graphs
214

d'Arnaud, Travis
824
1353
60.9
215
192
146
46
31
8
0
7
50
23.3
16
7.4
119
433
.240
.241
.302
.311
.391
.435
.302
.326
14
93.5
91.5
11
Graphs
215

Raley, Luke
823
1713
48.0
206
177
134
51
23
12
1
15
44
21.4
17
8.3
115
416
.288
.279
.383
.376
.621
.583
.424
.405
19
93.4
90.4
16
Graphs
216

Vientos, Mark
823
1756
46.9
237
216
162
71
44
9
0
18
56
23.6
16
6.8
115
433
.329
.295
.380
.352
.620
.588
.423
.397
26
93.4
92.7
9
Graphs
217

Bauers, Jake
818
1512
54.1
167
144
98
35
20
3
2
10
46
27.5
21
12.6
91
390
.243
.255
.347
.358
.500
.536
.365
.381
15
93.7
91.0
24
Graphs
218

Freeman, Tyler
816
1381
59.1
213
177
146
35
27
7
0
1
31
14.6
24
11.3
49
373
.198
.246
.333
.374
.254
.321
.281
.322
2
93.2
86.7
13
Graphs
219

Wells, Austin
813
1638
49.6
196
162
124
35
18
10
0
7
38
19.4
31
15.8
90
387
.216
.234
.352
.367
.407
.469
.338
.364
13
93.2
91.4
17
Graphs
220

Kepler, Max
808
1498
53.9
207
190
160
51
36
11
0
4
31
15.0
13
6.3
88
410
.268
.264
.320
.317
.389
.426
.311
.323
11
93.3
91.2
19
Graphs
221

Sosa, Lenyn
801
1377
58.2
205
195
160
55
45
7
0
3
36
17.6
8
3.9
65
417
.282
.330
.312
.360
.364
.504
.297
.373
12
93.3
91.7
12
Graphs
222

Miranda, Jose
801
1540
52.0
229
208
185
62
39
14
3
6
25
10.9
15
6.6
69
439
.298
.265
.354
.325
.481
.410
.359
.322
11
93.3
89.9
18
Graphs
223

Clement, Ernie
799
1449
55.1
243
231
210
60
35
15
2
8
23
9.5
7
2.9
65
471
.260
.247
.288
.277
.446
.405
.314
.294
11
93.3
87.2
20
Graphs
224

Marte, Starling
798
1417
56.3
170
156
119
41
32
5
3
1
38
22.4
11
6.5
91
377
.263
.280
.318
.334
.353
.375
.296
.313
6
93.2
89.2
1
Graphs
225

Crow-Armstrong, Pete
794
1421
55.9
217
197
148
50
35
8
3
4
51
23.5
15
6.9
128
466
.254
.235
.313
.298
.386
.377
.306
.296
12
93.4
90.8
21
Graphs
226

Tucker, Kyle
786
1349
58.3
203
167
140
50
26
8
0
16
28
13.8
33
16.3
48
334
.299
.297
.413
.411
.635
.608
.440
.428
22
93.0
92.8
21
Graphs
227

Jansen, Danny
785
1376
57.0
192
160
132
36
21
9
0
6
29
15.1
29
15.1
55
329
.225
.228
.349
.353
.394
.401
.331
.335
9
93.6
89.9
22
Graphs
228

Lowe, Brandon
775
1624
47.7
177
158
117
44
22
9
2
11
41
23.2
18
10.2
99
386
.278
.304
.356
.379
.570
.611
.393
.416
19
93.7
92.3
14
Graphs
229

Friedl, TJ
775
1286
60.3
208
181
162
46
31
4
1
10
21
10.1
19
9.1
35
333
.254
.249
.341
.340
.453
.354
.345
.314
5
92.9
87.1
21
Graphs
230

Merrifield, Whit
774
1330
58.2
195
167
147
40
28
7
3
2
20
10.3
26
13.3
40
351
.240
.249
.349
.357
.353
.338
.316
.316
4
93.4
85.8
14
Graphs
231

Rortvedt, Ben
765
1357
56.4
180
149
114
37
29
6
0
2
35
19.4
28
15.6
56
312
.248
.226
.378
.360
.329
.345
.326
.322
5
93.9
88.1
15
Graphs
232

Palacios, Richie
765
1281
59.7
187
150
111
37
30
5
0
2
40
21.4
33
17.6
72
323
.247
.245
.390
.392
.320
.340
.330
.340
4
93.5
87.6
19
Graphs
233

Contreras, Willson
762
1382
55.1
201
162
116
49
30
9
0
10
46
22.9
29
14.4
103
370
.302
.301
.438
.437
.543
.539
.425
.422
16
93.6
93.2
17
Graphs
234

Brown, Seth
756
1552
48.7
220
202
154
51
36
6
1
8
49
22.3
15
6.8
86
415
.252
.258
.309
.316
.411
.456
.314
.332
16
93.6
92.7
19
Graphs
235

Correa, Carlos
755
1375
54.9
190
162
132
51
34
11
2
4
32
16.8
23
12.1
50
320
.315
.298
.402
.388
.481
.471
.383
.373
13
93.9
91.2
8
Graphs
236

Rizzo, Anthony
754
1432
52.7
192
167
140
41
30
7
0
4
28
14.6
21
10.9
58
365
.246
.249
.339
.343
.359
.357
.313
.317
7
93.2
88.7
16
Graphs
237

Massey, Michael
753
1330
56.6
195
180
160
46
27
10
1
8
22
11.3
11
5.6
46
373
.256
.255
.303
.307
.456
.436
.325
.325
12
93.2
91.1
19
Graphs
238

Toro, Abraham
750
1394
53.8
195
180
155
46
32
9
1
4
25
12.8
12
6.2
40
357
.256
.268
.313
.325
.383
.421
.306
.325
9
93.3
87.2
14
Graphs
239

Buxton, Byron
748
1458
51.3
207
184
147
55
27
15
2
11
39
18.8
11
5.3
97
410
.299
.300
.367
.369
.582
.623
.402
.416
22
93.9
94.0
17
Graphs
240

Lee, Korey
747
1429
52.3
195
183
130
43
28
8
1
6
53
27.2
12
6.2
133
445
.235
.223
.282
.271
.388
.373
.292
.280
9
93.2
89.9
13
Graphs
241

Larnach, Trevor
742
1576
47.1
209
181
146
56
36
11
0
9
36
17.2
25
12.0
59
328
.309
.325
.397
.411
.519
.596
.395
.426
20
93.3
94.2
9
Graphs
242

Moniak, Mickey
742
1534
48.4
196
182
132
37
23
6
0
8
50
25.5
12
6.1
117
427
.203
.216
.260
.272
.368
.398
.275
.290
14
93.3
88.7
24
Graphs
243

Edwards, Xavier
734
1185
61.9
171
143
117
52
40
8
3
1
28
16.4
26
15.2
48
342
.364
.265
.456
.376
.483
.359
.410
.332
3
93.3
89.5
10
Graphs
244

Yelich, Christian
734
1268
57.9
195
165
135
51
39
4
3
5
30
15.4
28
14.4
52
341
.309
.300
.412
.405
.461
.458
.384
.379
8
93.2
91.2
4
Graphs
245

Rojas, Johan
733
1329
55.2
182
170
138
41
34
6
1
0
32
17.6
10
5.5
62
349
.241
.245
.291
.295
.288
.309
.261
.271
1
93.0
87.2
4
Graphs
246

Solano, Donovan
732
1273
57.5
170
150
122
47
33
9
0
5
29
17.1
18
10.6
67
338
.313
.266
.388
.348
.473
.427
.375
.339
8
93.5
89.9
15
Graphs
247

DeLuca, Jonny
726
1345
54.0
187
164
127
38
27
5
2
4
37
19.8
20
10.7
68
378
.232
.239
.326
.333
.360
.354
.307
.309
8
93.5
86.1
19
Graphs
248

Siani, Michael
725
1289
56.2
174
158
115
39
32
6
0
1
43
24.7
16
9.2
77
344
.247
.230
.316
.301
.304
.302
.281
.273
4
92.9
84.7
4
Graphs
249

Wood, James
723
1404
51.5
178
155
110
41
25
8
2
6
45
25.3
21
11.8
54
271
.265
.284
.360
.377
.458
.481
.357
.373
13
92.9
96.9
0
Graphs
250

Díaz, Elias
717
1323
54.2
185
165
135
43
30
13
0
0
31
16.8
16
8.6
75
367
.261
.232
.335
.310
.339
.318
.302
.283
6
93.1
89.1
7
Graphs
251

Gonzales, Nick
711
1371
51.9
193
172
142
49
36
8
1
4
32
16.6
14
7.3
92
401
.285
.282
.352
.354
.413
.434
.336
.349
11
93.0
90.1
13
Graphs
252

Taylor, Tyrone
710
1323
53.7
185
171
138
50
30
14
3
3
33
17.8
12
6.5
51
357
.292
.291
.346
.345
.462
.466
.349
.350
11
93.2
89.7
20
Graphs
253

Fitzgerald, Tyler
709
1330
53.3
199
177
129
58
35
13
1
9
48
24.1
19
9.5
70
341
.328
.287
.402
.366
.565
.477
.414
.365
12
93.0
89.8
17
Graphs
254

Rogers, Jake
708
1258
56.3
191
174
123
32
15
9
1
7
51
26.7
15
7.9
99
348
.184
.218
.257
.288
.368
.459
.273
.320
16
93.1
90.6
17
Graphs
255

Margot, Manuel
707
1308
54.1
174
156
138
39
28
9
0
2
19
10.9
15
8.6
57
342
.250
.298
.322
.366
.346
.441
.298
.352
7
93.4
90.2
15
Graphs
256

McKinstry, Zach
703
1249
56.3
190
168
139
36
26
6
2
2
31
16.3
20
10.5
58
349
.214
.249
.295
.329
.310
.383
.271
.314
6
93.4
89.1
22
Graphs
257

Amaya, Miguel
703
1291
54.5
199
181
155
47
33
6
1
7
26
13.1
16
8.0
65
386
.260
.280
.327
.345
.420
.458
.327
.349
10
93.2
91.0
10
Graphs
258

Duvall, Adam
700
1252
55.9
180
160
114
34
21
5
0
8
47
26.1
17
9.4
72
333
.212
.239
.294
.319
.394
.494
.302
.349
16
93.4
89.1
21
Graphs
259

Refsnyder, Rob
692
1202
57.6
185
167
133
51
34
10
0
7
35
18.9
15
8.1
70
342
.305
.285
.368
.350
.491
.478
.371
.356
14
93.4
91.8
12
Graphs
260

Alvarez, Francisco
691
1331
51.9
171
148
110
46
30
7
2
7
38
22.2
21
12.3
68
306
.311
.262
.404
.362
.527
.464
.402
.359
10
93.5
92.9
6
Graphs
261

Bichette, Bo
686
1186
57.8
176
164
139
38
29
8
0
1
25
14.2
11
6.3
46
374
.232
.286
.284
.335
.299
.422
.261
.330
6
93.5
91.3
1
Graphs
262

Frazier, Adam
683
1211
56.4
166
145
121
32
20
8
0
4
24
14.5
16
9.6
50
331
.221
.275
.319
.367
.359
.392
.304
.340
6
93.2
85.7
15
Graphs
263

Fraley, Jake
682
1331
51.2
206
184
167
60
49
6
2
3
19
9.2
17
8.3
44
404
.326
.301
.388
.372
.429
.401
.359
.346
7
93.0
84.6
13
Graphs
264

Estrada, Thairo
681
1309
52.0
210
196
167
55
37
9
2
7
29
13.8
10
4.8
43
345
.281
.270
.329
.319
.454
.420
.339
.322
10
93.2
87.7
10
Graphs
265

Cave, Jake
680
1345
50.6
176
164
126
47
29
10
3
5
40
22.7
10
5.7
70
351
.287
.275
.324
.314
.476
.432
.341
.321
8
93.1
89.3
9
Graphs
266

Fortes, Nick
678
1154
58.8
190
174
162
42
29
11
0
2
17
8.9
8
4.2
23
333
.241
.226
.279
.267
.339
.286
.269
.247
1
93.0
84.3
19
Graphs
267

Rosario, Amed
670
1210
55.4
177
166
136
47
35
8
3
1
30
16.9
9
5.1
75
363
.283
.282
.328
.327
.386
.391
.313
.314
5
93.1
89.8
3
Graphs
268

Smith, Dominic
670
1211
55.3
186
164
121
43
21
17
0
5
43
23.1
22
11.8
59
304
.262
.244
.349
.334
.457
.429
.351
.332
15
93.0
91.2
15
Graphs
269

Kelly, Carson
668
1173
56.9
189
166
146
43
30
6
1
6
21
11.1
17
9.0
50
325
.259
.251
.344
.338
.416
.458
.334
.347
10
93.2
88.2
15
Graphs
270

Rojas, Miguel
666
1211
55.0
190
171
159
55
36
14
0
5
12
6.3
17
8.9
12
302
.322
.309
.389
.379
.491
.408
.383
.349
5
93.2
87.3
11
Graphs
271

Urías, Ramón
663
1150
57.7
166
150
127
43
29
5
2
7
24
14.5
13
7.8
75
343
.287
.297
.349
.362
.487
.521
.360
.379
12
93.2
90.0
11
Graphs
272

Bart, Joey
660
1127
58.6
158
134
101
34
21
5
0
8
33
20.9
19
12.0
53
263
.254
.260
.367
.374
.470
.511
.366
.382
12
93.3
89.1
10
Graphs
273

Meneses, Joey
659
1142
57.7
185
166
136
43
36
7
0
0
33
17.8
14
7.6
55
337
.259
.240
.319
.308
.301
.354
.279
.296
7
93.5
90.2
8
Graphs
274

Rivera, Emmanuel
654
1151
56.8
168
145
109
32
25
4
2
1
39
23.2
15
8.9
73
305
.221
.248
.310
.338
.297
.352
.275
.313
6
92.9
92.7
5
Graphs
275

Brennan, Will
653
1230
53.1
157
143
122
39
30
6
0
3
22
14.0
12
7.6
54
319
.273
.284
.331
.342
.378
.392
.313
.324
5
93.3
88.2
12
Graphs
276

Cabrera, Oswaldo
651
1267
51.4
159
141
115
34
25
2
0
7
27
17.0
16
10.1
51
309
.241
.245
.321
.328
.404
.355
.319
.305
6
93.0
91.6
14
Graphs
277

Bride, Jonah
648
1157
56.0
175
146
124
41
27
7
0
7
28
16.0
21
12.0
30
271
.281
.246
.366
.346
.473
.378
.359
.327
8
93.2
88.4
15
Graphs
278

Lewis, Royce
646
1233
52.4
147
127
91
26
10
9
0
7
37
25.2
19
12.9
87
316
.205
.236
.306
.336
.441
.460
.323
.344
13
93.7
88.7
17
Graphs
279

Laureano, Ramón
645
1180
54.7
179
160
118
48
31
8
1
8
42
23.5
13
7.3
80
347
.300
.286
.374
.362
.512
.514
.383
.377
15
93.1
88.3
12
Graphs
280

Vázquez, Christian
641
1141
56.2
171
159
130
37
27
6
0
4
32
18.7
8
4.7
47
327
.233
.239
.269
.278
.346
.366
.268
.281
5
93.3
89.0
17
Graphs
281

Carlson, Dylan
640
1110
57.7
151
132
94
23
17
3
0
3
41
27.2
15
9.9
97
323
.174
.189
.258
.272
.265
.289
.238
.254
3
93.6
89.2
23
Graphs
282

Hamilton, David
637
1190
53.5
191
173
134
47
28
11
0
8
39
20.4
18
9.4
61
316
.272
.259
.340
.329
.474
.420
.352
.327
11
93.4
89.5
18
Graphs
283

Vargas, Miguel
634
1009
62.8
164
140
101
20
10
6
0
4
40
24.4
21
12.8
72
306
.143
.175
.262
.293
.271
.315
.247
.277
6
93.1
88.5
22
Graphs
284

Pillar, Kevin
634
1206
52.6
162
143
114
37
22
9
1
5
32
19.8
9
5.6
63
330
.259
.232
.327
.306
.441
.375
.332
.300
6
93.3
87.1
23
Graphs
285

Suwinski, Jack
630
1114
56.6
145
129
99
26
16
4
0
6
31
21.4
15
10.3
58
293
.202
.249
.283
.327
.372
.419
.288
.327
9
93.1
89.3
14
Graphs
286

Nevin, Tyler
628
1090
57.6
162
135
108
30
21
6
0
3
29
17.9
22
13.6
54
296
.222
.239
.340
.356
.333
.388
.306
.332
8
92.9
91.8
13
Graphs
287

Walls, Taylor
628
1028
61.1
162
134
101
28
22
3
2
1
36
22.2
25
15.4
65
306
.209
.218
.327
.337
.284
.322
.282
.302
4
93.7
88.7
25
Graphs
288

Taylor, Michael A.
621
1202
51.7
142
125
82
28
17
7
0
4
45
31.7
15
10.6
92
285
.224
.241
.303
.321
.376
.418
.298
.325
14
93.7
90.2
14
Graphs
289

Taylor, Chris
620
1046
59.3
157
136
98
30
23
5
1
1
40
25.5
18
11.5
82
322
.221
.247
.312
.337
.294
.374
.276
.317
7
93.8
85.3
17
Graphs
290

Muncy, Max
620
1208
51.3
148
114
89
32
11
14
0
7
29
19.6
29
19.6
58
248
.281
.255
.419
.401
.588
.516
.421
.392
10
93.5
92.1
32
Graphs
291

Herrera, Iván
618
1036
59.7
147
126
105
39
30
7
1
1
21
14.3
20
13.6
44
259
.310
.303
.408
.402
.405
.433
.363
.370
6
93.0
88.2
8
Graphs
292

Meadows, Parker
617
1214
50.8
152
131
97
33
19
4
4
6
35
23.0
19
12.5
64
279
.252
.231
.349
.332
.481
.401
.357
.323
8
93.0
90.9
22
Graphs
293

Bruján, Vidal
612
1055
58.0
154
135
105
32
22
6
2
2
30
19.5
18
11.7
63
306
.237
.216
.331
.313
.356
.298
.307
.279
3
93.4
86.0
8
Graphs
294

Julien, Edouard
610
1235
49.4
167
147
106
38
25
6
0
7
41
24.6
19
11.4
64
285
.259
.234
.347
.326
.442
.427
.346
.328
10
93.6
88.7
13
Graphs
295

Campusano, Luis
609
1025
59.4
167
152
138
32
22
5
0
5
15
9.0
14
8.4
51
299
.211
.250
.275
.317
.342
.386
.273
.310
8
93.1
88.4
8
Graphs
296

Iglesias, Jose
609
1075
56.7
156
144
129
47
33
10
1
3
15
9.6
9
5.8
29
319
.326
.307
.378
.360
.472
.411
.370
.340
4
93.8
87.0
9
Graphs
297

Stallings, Jacob
607
1073
56.6
152
125
98
36
21
10
1
4
28
18.4
20
13.2
73
284
.288
.252
.408
.379
.480
.425
.388
.357
6
93.2
88.4
13
Graphs
298

Vargas, Ildemaro
599
1058
56.6
171
152
144
46
30
15
0
1
11
6.4
15
8.8
20
278
.303
.291
.363
.354
.421
.390
.341
.328
3
93.4
90.1
6
Graphs
299

Sánchez, Gary
598
1158
51.6
159
137
108
34
23
0
1
10
31
19.5
17
10.7
48
237
.248
.236
.340
.329
.482
.458
.354
.338
10
93.2
90.2
15
Graphs
300

Murphy, Sean
592
1065
55.6
141
121
90
22
14
2
1
5
31
22.0
18
12.8
59
262
.182
.240
.298
.347
.339
.461
.287
.351
10
93.6
89.6
8
Graphs
301

Peralta, David
589
1014
58.1
138
124
104
35
25
5
0
5
20
14.5
13
9.4
57
306
.282
.280
.355
.353
.444
.428
.350
.343
7
93.6
87.0
13
Graphs
302

Newman, Kevin
587
1070
54.9
166
154
139
50
38
9
1
2
17
10.2
10
6.0
28
292
.325
.294
.361
.334
.435
.380
.346
.313
3
93.5
88.3
11
Graphs
303

Gallo, Joey
587
1075
54.6
155
137
82
25
10
5
0
10
56
36.1
15
9.7
91
297
.182
.200
.271
.286
.438
.445
.306
.314
14
93.7
93.0
29
Graphs
304

Kiermaier, Kevin
587
1020
57.5
151
139
101
29
19
6
1
3
39
25.8
11
7.3
100
322
.209
.211
.265
.270
.331
.302
.262
.257
3
93.1
88.3
8
Graphs
305

Acuña Jr., Ronald
587
905
64.9
138
116
81
26
18
4
1
3
35
25.4
20
14.5
77
282
.224
.244
.348
.365
.353
.412
.318
.345
7
93.3
90.8
11
Graphs
306

Grichuk, Randal
586
1088
53.9
154
137
122
46
29
7
2
8
16
10.4
15
9.7
33
278
.336
.302
.403
.376
.591
.580
.422
.411
16
93.0
91.4
20
Graphs
307

Grossman, Robbie
581
1031
56.4
142
116
95
33
25
6
0
2
22
15.5
25
17.6
44
233
.284
.268
.408
.396
.388
.376
.358
.350
3
92.8
87.0
12
Graphs
308

Wallner, Matt
579
1030
56.2
136
117
70
33
18
7
0
8
47
34.6
12
8.8
91
264
.282
.255
.382
.359
.547
.530
.400
.380
15
93.3
92.7
21
Graphs
309

Loperfido, Joey
575
1003
57.3
155
141
98
35
20
10
2
3
44
28.4
12
7.7
97
325
.248
.237
.310
.302
.411
.364
.313
.294
4
93.2
89.4
11
Graphs
310

Andujar, Miguel
574
1176
48.8
165
154
144
50
38
9
1
2
10
6.1
8
4.8
29
301
.325
.286
.370
.333
.435
.391
.352
.319
6
93.6
89.0
11
Graphs
311

Rendon, Anthony
573
977
58.6
149
130
114
33
24
9
0
0
20
13.4
12
8.1
31
247
.254
.253
.322
.326
.323
.362
.288
.307
4
93.6
89.8
16
Graphs
312

Heyward, Jason
573
1024
56.0
163
144
119
32
16
8
2
6
26
16.0
15
9.2
46
284
.222
.244
.302
.323
.431
.372
.317
.309
5
93.7
89.4
11
Graphs
313

Senzel, Nick
571
1005
56.8
157
137
105
25
16
4
0
5
32
20.4
19
12.1
49
267
.182
.219
.287
.319
.321
.365
.275
.305
8
93.4
84.1
16
Graphs
314

Flores, Wilmer
569
964
59.0
150
129
118
27
19
5
0
3
15
10.0
14
9.3
20
247
.209
.234
.293
.326
.318
.382
.273
.316
8
92.9
85.1
25
Graphs
315

Rosario, Eddie
568
1187
47.9
146
133
104
28
17
5
0
6
33
22.6
9
6.2
72
297
.211
.230
.253
.275
.383
.419
.272
.297
9
93.5
94.0
19
Graphs
316

McCormick, Chas
567
1010
56.1
145
129
103
27
21
2
1
3
28
19.3
12
8.3
84
305
.209
.249
.283
.322
.310
.420
.265
.326
8
93.3
86.6
13
Graphs
317

Gordon, Nick
565
1008
56.1
139
129
98
26
18
4
0
4
33
23.7
7
5.0
97
318
.202
.210
.245
.255
.326
.322
.249
.253
4
93.4
87.0
7
Graphs
318

Slater, Austin
560
882
63.5
132
102
68
25
21
3
0
1
36
27.3
25
18.9
71
243
.245
.227
.402
.389
.304
.326
.331
.333
2
92.2
91.0
7
Graphs
319

Duran, Ezequiel
559
1011
55.3
150
140
107
34
25
8
0
1
34
22.7
7
4.7
58
309
.243
.208
.287
.254
.321
.308
.269
.248
5
93.1
88.3
12
Graphs
320

Sosa, Edmundo
559
1050
53.2
139
123
102
38
23
8
3
4
22
15.8
10
7.2
69
301
.309
.285
.381
.364
.520
.483
.387
.371
12
93.1
92.0
16
Graphs
321

Jiménez, Eloy
553
1201
46.0
171
156
133
44
30
9
0
5
24
14.0
12
7.0
31
265
.282
.276
.339
.334
.436
.459
.337
.342
14
92.9
93.4
4
Graphs
322

Grandal, Yasmani
552
952
58.0
135
120
98
26
11
9
0
6
22
16.3
15
11.1
36
218
.217
.254
.304
.337
.442
.480
.323
.352
13
93.1
93.5
15
Graphs
323

Rengifo, Luis
551
1084
50.8
164
151
132
52
42
7
0
3
19
11.6
11
6.7
47
309
.344
.278
.396
.336
.450
.354
.372
.307
2
93.2
85.3
9
Graphs
324

Calhoun, Willie
549
958
57.3
143
127
114
31
19
10
0
2
13
9.1
15
10.5
26
258
.244
.253
.329
.337
.370
.365
.311
.313
3
93.3
89.4
16
Graphs
325

Wisely, Brett
549
988
55.6
140
128
101
31
22
7
1
1
29
20.7
9
6.4
37
260
.242
.216
.293
.271
.336
.326
.277
.264
7
93.2
87.5
19
Graphs
326

Fletcher, Dominic
548
900
60.9
126
117
81
18
13
5
0
0
36
28.6
6
4.8
56
249
.154
.201
.208
.252
.197
.244
.186
.225
0
92.7
83.9
11
Graphs
327

Higashioka, Kyle
545
1062
51.3
143
129
101
30
18
5
0
7
29
20.3
13
9.1
42
252
.233
.259
.301
.324
.434
.491
.318
.348
11
93.0
89.7
22
Graphs
328

Biggio, Cavan
540
955
56.5
146
127
81
23
17
3
0
3
46
31.5
15
10.3
43
243
.181
.186
.278
.282
.276
.257
.255
.250
2
93.2
83.8
22
Graphs
329

Grisham, Trent
535
854
62.6
129
109
78
26
11
7
0
8
32
24.8
16
12.4
44
197
.239
.227
.349
.339
.523
.497
.373
.359
12
93.3
94.0
21
Graphs
330

Robles, Victor
533
1020
52.3
158
134
120
46
29
13
0
4
16
10.1
13
8.2
42
285
.343
.313
.430
.407
.530
.521
.415
.402
10
93.2
88.4
13
Graphs
331

Caratini, Victor
531
1039
51.1
150
131
113
41
30
7
0
4
18
12.0
17
11.3
47
269
.313
.294
.400
.384
.458
.427
.377
.358
4
93.4
91.7
9
Graphs
332

Carpenter, Kerry
531
1131
46.9
144
129
98
40
18
8
4
10
33
22.9
10
6.9
75
268
.310
.288
.359
.345
.667
.629
.425
.411
19
93.2
91.8
20
Graphs
333

Anderson, Tim
531
945
56.2
122
118
89
29
27
2
0
0
29
23.8
4
3.3
76
283
.246
.249
.270
.274
.263
.325
.238
.263
2
93.1
87.6
0
Graphs
334

LeMahieu, DJ
528
845
62.5
122
103
92
25
21
4
0
0
14
11.5
15
12.3
31
225
.243
.288
.336
.377
.282
.414
.284
.348
5
92.9
90.5
-3
Graphs
335

Mitchell, Garrett
522
891
58.6
116
99
54
28
17
7
1
3
45
38.8
16
13.8
69
215
.283
.227
.388
.340
.465
.338
.373
.309
4
93.6
92.3
4
Graphs
336

McCann, James
522
875
59.7
121
108
90
28
23
2
0
3
20
16.5
10
8.3
54
255
.259
.268
.322
.334
.361
.408
.302
.328
5
93.1
86.7
10
Graphs
337

Martin, Austin
521
934
55.8
156
138
115
35
25
9
0
1
23
14.7
17
10.9
33
242
.254
.272
.340
.356
.341
.369
.307
.323
1
93.2
88.0
11
Graphs
338

Trevino, Jose
520
896
58.0
153
132
118
28
19
2
0
7
16
10.5
18
11.8
20
220
.212
.209
.307
.308
.386
.349
.305
.295
7
93.2
89.0
11
Graphs
339

Yepez, Juan
520
966
53.8
129
114
97
35
23
9
0
3
19
14.7
12
9.3
53
276
.307
.282
.372
.356
.465
.414
.362
.340
8
92.9
89.9
8
Graphs
340

Ibáñez, Andy
519
917
56.6
126
114
84
28
22
3
1
2
30
23.8
10
7.9
68
258
.246
.216
.317
.290
.342
.311
.295
.271
4
92.8
89.6
23
Graphs
341

Guillorme, Luis
516
802
64.3
94
74
53
16
12
4
0
0
22
23.4
19
20.2
39
208
.216
.198
.372
.358
.270
.253
.305
.294
1
93.7
85.3
2
Graphs
342

Malloy, Justyn-Henry
512
992
51.6
125
110
75
24
15
4
0
5
36
28.8
12
9.6
63
234
.218
.205
.304
.293
.391
.387
.306
.297
9
93.4
87.2
19
Graphs
343

Farmer, Kyle
512
882
58.0
133
120
93
22
17
4
0
1
28
21.1
11
8.3
38
240
.183
.224
.256
.293
.242
.345
.228
.282
3
93.1
88.9
19
Graphs
344

Pagés, Pedro
504
849
59.4
117
108
79
22
18
0
2
2
30
25.6
8
6.8
53
248
.204
.214
.256
.274
.296
.311
.245
.269
3
93.4
89.6
7
Graphs
345

Jiménez, Leo
486
847
57.4
121
95
65
24
14
6
0
4
32
26.4
10
8.3
54
214
.253
.245
.397
.392
.442
.428
.372
.366
7
93.1
87.3
11
Graphs
346

Ahmed, Nick
485
851
57.0
131
121
98
31
25
3
1
2
24
18.3
9
6.9
61
260
.256
.245
.305
.295
.347
.365
.288
.288
4
92.7
86.9
17
Graphs
347

Stewart, DJ
485
765
63.4
120
94
68
17
12
2
0
3
27
22.5
21
17.5
57
200
.181
.208
.350
.376
.298
.330
.305
.333
5
93.3
89.7
27
Graphs
348

Stowers, Kyle
482
819
58.9
117
107
65
20
13
5
1
1
43
36.8
8
6.8
96
267
.187
.191
.248
.258
.280
.307
.236
.257
6
93.7
91.4
15
Graphs
349

Jankowski, Travis
481
819
58.7
129
115
97
22
19
3
0
0
18
14.0
11
8.5
29
220
.191
.229
.279
.313
.217
.284
.235
.273
0
94.1
86.9
10
Graphs
350

Schneemann, Daniel
480
901
53.3
114
94
70
22
11
5
1
5
26
22.8
18
15.8
52
228
.234
.219
.351
.344
.468
.377
.353
.325
5
93.1
91.6
16
Graphs
351

Casas, Triston
477
991
48.1
130
114
76
32
19
3
0
10
38
29.2
16
12.3
68
239
.281
.247
.369
.340
.570
.495
.400
.359
9
93.5
93.2
11
Graphs
352

Thaiss, Matt
471
754
62.5
128
107
65
21
13
7
0
1
42
32.8
21
16.4
84
221
.196
.191
.328
.324
.290
.360
.287
.307
7
93.5
90.3
15
Graphs
353

Báez, Javier
468
1028
45.5
133
128
105
26
18
6
0
2
24
18.0
4
3.0
45
228
.203
.253
.226
.274
.297
.390
.227
.285
8
93.4
91.8
10
Graphs
354

Valdez, Enmanuel
468
919
50.9
109
97
76
21
13
5
0
3
23
21.1
10
9.2
38
207
.216
.237
.284
.306
.361
.452
.282
.324
9
93.5
90.8
25
Graphs
355

Hampson, Garrett
466
883
52.8
119
110
90
29
21
7
1
0
21
17.6
8
6.7
38
239
.264
.267
.311
.314
.345
.386
.289
.306
5
93.2
88.4
14
Graphs
356

Barger, Addison
459
859
53.4
128
117
85
25
15
7
0
3
33
25.8
9
7.0
59
230
.214
.226
.273
.286
.350
.349
.274
.280
6
93.2
89.2
16
Graphs
357

Ramírez, Harold
456
878
51.9
128
121
97
34
26
6
1
1
25
19.5
5
3.9
66
260
.281
.251
.313
.286
.372
.362
.299
.283
5
93.0
89.3
0
Graphs
358

Olivares, Edward
454
768
59.1
109
93
80
23
18
1
0
4
16
14.7
12
11.0
47
236
.247
.303
.330
.382
.387
.450
.315
.362
7
93.3
90.1
8
Graphs
359

Mateo, Jorge
450
820
54.9
102
94
77
26
14
9
1
2
18
17.6
7
6.9
33
217
.277
.267
.324
.316
.457
.407
.335
.314
3
92.7
90.2
10
Graphs
360

Fairchild, Stuart
446
853
52.3
143
130
105
35
22
6
0
7
25
17.5
10
7.0
56
237
.269
.292
.336
.357
.477
.550
.352
.386
12
92.9
88.5
18
Graphs
361

Hays, Austin
442
845
52.3
138
126
109
34
24
8
0
2
18
13.0
6
4.3
35
222
.270
.261
.326
.321
.381
.411
.312
.323
8
93.4
88.3
14
Graphs
362

Holliday, Jackson
441
826
53.4
114
103
66
22
16
3
0
3
38
33.3
8
7.0
70
213
.214
.217
.281
.284
.330
.397
.272
.296
7
93.3
92.4
7
Graphs
363

Goodman, Hunter
437
828
52.8
108
97
73
19
9
3
0
7
25
23.1
7
6.5
60
237
.196
.220
.269
.291
.443
.482
.306
.328
12
93.3
90.7
24
Graphs
364

Marte, Noelvi
435
882
49.3
118
110
79
24
17
4
0
3
32
27.1
6
5.1
52
230
.218
.253
.263
.296
.336
.445
.263
.318
8
93.0
87.9
11
Graphs
365

Velázquez, Nelson
435
903
48.2
121
105
76
25
15
3
0
7
32
26.4
12
9.9
65
222
.238
.243
.314
.327
.467
.526
.333
.366
10
92.7
90.0
21
Graphs
366

Montero, Elehuris
431
923
46.7
112
97
84
27
21
4
0
2
15
13.4
13
11.6
32
218
.278
.254
.357
.347
.381
.436
.327
.347
8
92.9
93.0
15
Graphs
367

Lipscomb, Trey
430
780
55.1
109
95
82
20
18
1
0
1
13
11.9
12
11.0
31
208
.211
.222
.306
.316
.253
.302
.261
.282
1
92.7
88.6
-5
Graphs
368

Pache, Cristian
429
753
57.0
105
93
63
21
14
6
1
0
30
28.6
12
11.4
57
213
.226
.211
.314
.301
.312
.335
.283
.285
4
93.1
90.0
13
Graphs
369

Martini, Nick
423
625
67.7
112
98
77
16
10
2
1
3
24
21.4
8
7.1
37
198
.163
.194
.241
.276
.296
.330
.239
.270
6
93.2
86.9
18
Graphs
370

Cameron, Daz
421
715
58.9
96
83
70
16
11
2
1
2
14
14.6
11
11.5
39
202
.193
.239
.292
.337
.313
.384
.273
.326
5
93.1
91.9
3
Graphs
371

Gonzalez, Romy
419
826
50.7
112
98
73
32
22
6
1
3
27
24.1
11
9.8
54
243
.327
.297
.393
.374
.500
.483
.384
.375
7
93.1
94.7
7
Graphs
372

Stubbs, Garrett
418
746
56.0
99
82
61
18
13
4
0
1
21
21.2
15
15.2
35
197
.220
.210
.354
.346
.305
.271
.306
.291
0
93.0
80.6
25
Graphs
373

Wisdom, Patrick
410
701
58.5
104
97
67
15
7
2
1
5
30
28.8
7
6.7
54
206
.155
.191
.212
.245
.351
.421
.244
.284
8
93.5
91.7
32
Graphs
374

Julks, Corey
409
767
53.3
110
99
75
26
17
6
0
3
25
22.7
10
9.1
37
202
.263
.247
.327
.320
.414
.383
.323
.311
4
93.4
88.4
15
Graphs
375

Norby, Connor
406
759
53.5
101
89
63
22
16
2
0
4
27
26.7
11
10.9
63
238
.247
.247
.327
.332
.404
.477
.321
.349
9
93.4
89.0
18
Graphs
376

Alexander, Blaze
400
714
56.0
94
79
57
26
20
4
0
2
22
23.4
12
12.8
50
195
.329
.242
.436
.363
.456
.359
.396
.328
3
93.7
92.1
1
Graphs
377

Maile, Luke
400
637
62.8
99
84
59
14
10
2
0
2
26
26.3
10
10.1
48
183
.167
.190
.283
.304
.262
.293
.255
.275
3
92.9
86.3
13
Graphs
378

Monasterio, Andruw
394
647
60.9
78
69
50
15
12
3
0
0
19
24.4
9
11.5
35
175
.217
.236
.308
.325
.261
.388
.263
.314
5
93.3
91.2
17
Graphs
379

Martínez, Angel
391
677
57.8
93
84
67
18
17
1
0
0
18
19.4
8
8.6
35
184
.214
.217
.280
.283
.226
.289
.234
.258
0
93.8
88.3
14
Graphs
380

Jung, Josh
390
693
56.3
96
92
75
26
18
3
1
4
18
18.8
3
3.1
51
202
.283
.244
.302
.265
.467
.406
.328
.286
6
93.0
87.0
15
Graphs
381

Tena, José
385
673
57.2
93
88
74
25
22
2
0
1
14
15.1
5
5.4
25
182
.284
.304
.323
.342
.341
.496
.295
.359
6
92.7
94.1
12
Graphs
382

Rice, Ben
379
724
52.3
102
84
63
17
7
4
0
6
24
23.5
14
13.7
38
178
.202
.261
.314
.369
.464
.553
.332
.391
12
92.9
92.6
20
Graphs
383

Trout, Mike
379
574
66.0
80
67
54
15
7
1
1
6
13
16.3
12
15.0
26
150
.224
.281
.350
.398
.537
.619
.379
.427
8
93.4
88.7
30
Graphs
384

Barnes, Austin
379
593
63.9
100
87
66
22
19
2
0
1
21
21.0
13
13.0
33
185
.253
.245
.350
.343
.310
.336
.303
.308
2
93.8
87.8
13
Graphs
385

Carpenter, Matt
378
669
56.5
100
86
62
24
17
3
0
4
25
25.0
11
11.0
37
174
.279
.261
.370
.356
.453
.468
.360
.357
6
93.6
85.4
24
Graphs
386

Beck, Jordan
359
659
54.5
94
85
55
19
16
2
0
1
30
31.9
9
9.6
56
185
.224
.247
.298
.319
.282
.378
.265
.308
3
93.4
90.4
18
Graphs
387

Jackson, Alex
358
626
57.2
90
79
55
10
4
4
0
2
25
27.8
8
8.9
71
202
.127
.155
.222
.252
.253
.289
.218
.251
5
93.4
88.8
20
Graphs
388

Baty, Brett
353
676
52.2
91
83
61
24
20
2
0
2
22
24.2
7
7.7
40
182
.289
.246
.352
.313
.386
.387
.327
.307
4
93.2
88.0
13
Graphs
389

Carter, Evan
347
648
53.5
98
87
68
19
11
3
2
3
20
20.4
9
9.2
19
145
.218
.249
.296
.325
.402
.379
.303
.311
4
92.9
86.5
16
Graphs
390

Hilliard, Sam
347
648
53.5
81
72
44
22
12
5
0
5
28
34.6
9
11.1
54
157
.306
.248
.383
.333
.583
.473
.411
.346
8
93.2
95.8
17
Graphs
391

Soderstrom, Tyler
346
770
44.9
110
92
75
29
15
7
0
7
17
15.5
17
15.5
32
174
.315
.301
.427
.416
.620
.658
.444
.448
14
93.7
92.8
12
Graphs
392

Davis, J.D.
345
587
58.8
89
76
51
19
13
4
0
2
25
28.1
10
11.2
65
185
.250
.221
.360
.336
.382
.371
.333
.317
4
94.0
90.3
5
Graphs
393

Outman, James
345
634
54.4
87
74
48
14
9
2
0
3
26
29.9
11
12.6
49
170
.189
.203
.310
.322
.338
.355
.294
.304
3
93.4
88.0
19
Graphs
394

Noel, Jhonkensy
343
725
47.3
93
83
55
17
9
2
0
6
28
30.1
7
7.5
38
165
.205
.217
.290
.301
.446
.469
.320
.331
9
93.0
89.5
12
Graphs
395

Walker, Jordan
341
669
51.0
99
92
67
17
10
3
1
3
25
25.3
5
5.1
36
176
.185
.194
.242
.251
.337
.320
.255
.253
4
93.5
91.1
7
Graphs
396

Kirilloff, Alex
337
677
49.8
96
87
70
19
9
5
2
3
18
18.8
7
7.3
45
180
.218
.251
.281
.312
.425
.492
.303
.343
7
93.4
92.7
15
Graphs
397

Loftin, Nick
337
626
53.8
108
93
84
19
14
4
0
1
10
9.3
14
13.0
6
148
.204
.246
.306
.342
.280
.363
.269
.314
4
93.1
86.1
10
Graphs
398

Lee, Brooks
336
614
54.7
110
102
89
18
12
4
0
2
14
12.7
7
6.4
19
172
.176
.223
.227
.273
.275
.338
.223
.272
4
93.5
87.7
14
Graphs
399

Wade, Tyler
334
587
56.9
69
59
49
11
10
1
0
0
10
14.5
9
13.0
23
139
.186
.228
.304
.340
.203
.328
.246
.304
1
93.7
87.3
21
Graphs
400

Aranda, Jonathan
333
573
58.1
85
73
52
19
13
4
0
2
22
25.9
9
10.6
36
151
.260
.270
.353
.363
.397
.535
.332
.383
11
93.3
95.0
14
Graphs
401

Lee, Jung Hoo
328
569
57.6
98
89
81
21
19
1
0
1
9
9.2
8
8.2
11
147
.236
.292
.296
.348
.281
.428
.261
.336
4
92.7
92.6
8
Graphs
402

Maldonado, Martín
327
556
58.8
92
86
62
11
8
2
0
1
24
26.1
5
5.4
45
172
.128
.177
.185
.231
.186
.333
.172
.247
5
92.3
88.8
23
Graphs
403

Caminero, Junior
325
629
51.7
93
87
71
23
15
2
1
5
16
17.2
6
6.5
34
150
.264
.268
.312
.315
.483
.502
.341
.349
11
94.1
90.7
14
Graphs
404

Matos, Luis
322
544
59.2
92
88
75
18
14
2
0
2
14
15.2
3
3.3
17
172
.205
.241
.228
.263
.295
.372
.228
.274
3
93.5
89.1
18
Graphs
405

Scott II, Victor
320
568
56.3
92
84
69
18
12
5
0
1
16
17.4
6
6.5
22
168
.214
.237
.272
.293
.310
.365
.258
.288
4
94.1
89.6
12
Graphs
406

Hedges, Austin
319
547
58.3
80
71
52
13
9
2
0
2
21
26.3
6
7.5
52
180
.183
.151
.250
.222
.296
.225
.242
.204
1
92.5
86.5
20
Graphs
407

Stefanic, Michael
313
482
64.9
73
63
52
13
11
2
0
0
11
15.1
7
9.6
9
122
.206
.201
.315
.310
.238
.241
.263
.261
0
93.2
84.1
7
Graphs
408

Bryant, Kris
313
608
51.5
85
73
59
19
15
3
0
1
15
17.6
7
8.2
34
150
.260
.264
.353
.358
.342
.380
.315
.330
2
93.0
86.2
16
Graphs
409

Manzardo, Kyle
309
636
48.6
68
60
50
20
9
7
0
4
10
14.7
7
10.3
27
138
.333
.275
.412
.360
.650
.548
.448
.387
6
93.7
90.1
22
Graphs
410

Noda, Ryan
307
499
61.5
66
57
38
9
6
3
0
0
19
28.8
9
13.6
35
134
.158
.219
.273
.325
.211
.367
.231
.309
3
93.1
89.0
20
Graphs
411

Smith, Pavin
302
631
47.9
73
62
51
24
12
6
0
6
12
16.4
10
13.7
16
116
.387
.368
.466
.450
.774
.714
.511
.482
9
94.0
92.5
16
Graphs
412

Harris, Brett
301
493
61.1
72
54
42
7
5
1
0
1
13
18.1
16
22.2
22
119
.130
.192
.333
.381
.204
.274
.270
.314
1
93.5
90.5
21
Graphs
413

Hill, Derek
300
609
49.3
80
75
54
19
10
3
1
5
21
26.3
4
5.0
38
157
.253
.301
.300
.345
.520
.539
.349
.377
9
92.9
91.1
9
Graphs
414

Abreu, José
300
486
61.7
62
57
45
9
8
0
0
1
13
21.0
3
4.8
41
154
.158
.170
.210
.223
.211
.231
.192
.206
1
93.1
90.0
0
Graphs
415

Mendick, Danny
300
540
55.6
76
72
54
13
7
5
0
1
18
23.7
3
3.9
46
156
.181
.220
.224
.261
.292
.359
.227
.270
3
92.9
86.3
19
Graphs
416

Call, Alex
299
493
60.6
65
56
46
21
13
8
0
0
10
15.4
8
12.3
19
128
.375
.245
.462
.349
.518
.341
.427
.312
1
93.6
87.9
17
Graphs
417

Davis, Henry
298
521
57.2
76
65
41
8
7
1
0
0
25
32.9
9
11.8
52
153
.123
.161
.227
.259
.138
.221
.182
.226
1
93.4
85.4
26
Graphs
418

Arias, Gabriel
298
578
51.6
76
72
46
16
12
2
0
2
26
34.2
3
3.9
56
165
.222
.202
.263
.244
.333
.320
.263
.247
3
92.9
91.6
9
Graphs
419

McCann, Kyle
295
636
46.4
76
66
40
18
12
3
0
3
26
34.2
10
13.2
48
137
.273
.215
.368
.319
.455
.411
.360
.320
5
93.3
92.5
20
Graphs
420

Herrera, Jose
292
501
58.3
59
51
39
12
9
3
0
0
12
20.3
8
13.6
18
111
.235
.254
.339
.355
.294
.333
.292
.313
0
93.4
87.1
9
Graphs
421

McGuire, Reese
291
609
47.8
78
64
48
14
10
1
0
3
18
23.1
10
12.8
23
132
.219
.243
.333
.354
.375
.415
.315
.337
4
93.4
85.2
15
Graphs
422

McCray, Grant
288
519
55.5
69
64
36
17
9
2
2
4
28
40.6
5
7.2
58
148
.266
.250
.319
.304
.547
.461
.366
.329
5
93.7
95.8
7
Graphs
423

Edman, Tommy
288
567
50.8
88
78
69
19
13
3
0
3
10
11.4
9
10.2
18
141
.244
.253
.318
.327
.397
.390
.313
.314
3
94.0
88.4
16
Graphs
424

Adams, Riley
277
531
52.2
68
58
46
13
7
4
0
2
12
17.6
8
11.8
26
128
.224
.243
.338
.354
.397
.443
.327
.350
5
93.2
90.9
11
Graphs
425

Baldwin, Brooks
273
426
64.1
64
59
40
11
9
1
0
1
19
29.7
5
7.8
40
148
.186
.190
.250
.254
.254
.311
.229
.251
1
92.9
87.4
37
Graphs
426

Short, Zack
272
391
69.6
65
51
36
5
3
2
0
0
15
23.1
14
21.5
27
115
.098
.187
.292
.362
.137
.306
.228
.313
2
93.2
88.4
22
Graphs
427

Hernaiz, Darell
268
510
52.5
68
58
49
11
10
0
0
1
9
13.2
9
13.2
21
117
.190
.243
.309
.355
.241
.313
.262
.307
1
92.5
88.2
11
Graphs
428

Canzone, Dominic
267
696
38.4
75
69
49
16
9
3
0
4
20
26.7
6
8.0
37
140
.232
.263
.293
.322
.449
.556
.320
.371
7
93.3
91.5
12
Graphs
429

Blanco, Dairon
266
459
58.0
73
64
50
15
11
3
0
1
14
19.2
7
9.6
31
129
.234
.207
.319
.295
.328
.360
.292
.291
3
93.9
87.9
6
Graphs
430

Crews, Dylan
265
520
51.0
77
66
60
19
11
4
1
3
7
9.1
9
11.7
12
120
.288
.300
.377
.389
.515
.551
.382
.400
6
91.8
91.1
10
Graphs
431

Bethancourt, Christian
263
516
51.0
74
68
53
17
11
3
0
3
15
20.3
5
6.8
43
164
.250
.248
.311
.309
.426
.455
.321
.329
6
93.0
92.9
12
Graphs
432

Chaparro, Andrés
263
525
50.1
71
65
55
13
6
5
0
2
10
14.1
2
2.8
27
152
.200
.265
.268
.327
.369
.484
.281
.350
5
92.8
89.9
22
Graphs
433

Encarnacion, Jerar
261
490
53.3
56
52
34
15
9
3
0
3
18
32.1
4
7.1
30
114
.288
.308
.339
.358
.519
.545
.368
.385
6
93.1
99.4
10
Graphs
434

Encarnacion-Strand, Christian
260
451
57.6
70
65
46
11
7
3
0
1
19
27.1
4
5.7
30
131
.169
.242
.229
.296
.262
.391
.221
.301
3
93.4
87.9
21
Graphs
435

Urías, Luis
259
452
57.3
70
58
38
14
6
5
0
3
20
28.6
7
10.0
30
119
.241
.225
.371
.358
.483
.480
.373
.365
6
92.5
89.5
20
Graphs
436

Casali, Curt
257
476
54.0
76
67
55
16
13
2
0
1
12
15.8
7
9.2
18
120
.239
.233
.329
.324
.313
.325
.293
.295
1
92.8
86.7
22
Graphs
437

Cooper, Garrett
256
450
56.9
64
57
41
9
5
2
1
1
16
25.0
5
7.8
28
111
.158
.271
.250
.351
.281
.446
.241
.347
5
93.4
86.1
13
Graphs
438

Mastrobuoni, Miles
254
381
66.7
74
67
59
13
10
3
0
0
9
12.2
6
8.1
19
116
.194
.256
.257
.313
.239
.369
.226
.300
1
93.7
88.4
14
Graphs
439

Nido, Tomás
253
506
50.0
65
60
47
9
3
3
0
3
15
23.1
3
4.6
48
152
.150
.209
.185
.249
.350
.470
.225
.305
8
92.8
89.8
19
Graphs
440

Kjerstad, Heston
252
423
59.6
60
51
37
14
12
0
0
2
14
23.3
5
8.3
33
139
.275
.250
.383
.362
.392
.376
.350
.332
2
94.0
91.9
10
Graphs
441

Grissom, Vaughn
251
443
56.7
67
59
49
14
11
3
0
0
11
16.4
6
9.0
18
121
.237
.285
.313
.358
.288
.391
.273
.331
3
92.9
88.9
11
Graphs
442

Clemens, Kody
250
468
53.4
69
65
52
20
8
7
1
4
13
18.8
4
5.8
29
134
.308
.235
.348
.279
.631
.452
.411
.313
5
93.8
90.7
24
Graphs
443

Dunn, Oliver
249
418
59.6
65
58
34
17
14
1
1
1
24
36.9
5
7.7
40
123
.293
.217
.369
.301
.397
.384
.340
.302
3
93.1
91.9
12
Graphs
444

Torrens, Luis
248
510
48.6
58
53
41
12
7
2
0
3
13
22.4
3
5.2
19
114
.226
.286
.276
.336
.434
.489
.304
.355
4
93.9
94.1
13
Graphs
445

Myers, Dane
248
425
58.4
60
52
32
16
10
5
0
1
21
35.0
6
10.0
31
108
.308
.235
.383
.330
.462
.336
.367
.306
3
93.2
91.0
8
Graphs
446

Mead, Curtis
246
471
52.2
61
56
43
13
11
2
0
0
14
23.0
2
3.3
29
130
.232
.243
.279
.289
.268
.367
.246
.287
2
92.7
91.4
12
Graphs
447

Bouchard, Sean
243
431
56.4
55
45
31
11
6
4
0
1
15
27.3
8
14.5
32
106
.244
.169
.364
.307
.400
.321
.338
.291
3
93.3
90.9
13
Graphs
448

Sweeney, Trey
233
448
52.0
58
53
42
13
11
2
0
0
12
20.7
4
6.9
23
116
.245
.246
.293
.305
.283
.373
.258
.301
2
93.3
93.2
18
Graphs
449

Gomes, Yan
232
375
61.9
54
50
33
7
5
2
0
0
18
33.3
2
3.7
42
130
.140
.236
.185
.277
.180
.385
.167
.289
4
93.9
88.6
16
Graphs
450

Wagner, Will
230
364
63.2
51
47
42
12
8
3
0
1
5
9.8
4
7.8
16
104
.255
.307
.314
.362
.383
.469
.306
.360
3
93.6
89.8
6
Graphs
451

Story, Trevor
228
373
61.1
59
51
34
15
10
3
0
2
17
28.8
7
11.9
30
115
.294
.191
.390
.300
.471
.291
.377
.271
2
93.8
87.5
19
Graphs
452

Kavadas, Niko
226
465
48.6
55
48
29
8
5
1
0
2
19
34.5
7
12.7
29
101
.167
.210
.273
.311
.313
.445
.265
.327
4
93.3
95.0
29
Graphs
453

Lukes, Nathan
224
356
62.9
49
41
36
10
7
3
0
0
7
14.3
6
12.2
19
119
.244
.219
.327
.308
.317
.261
.287
.261
0
93.6
88.5
14
Graphs
454

Rivas, Leo
222
371
59.8
47
38
30
10
9
0
1
0
8
17.0
8
17.0
13
87
.263
.293
.404
.428
.316
.380
.335
.367
0
93.7
88.0
11
Graphs
455

Ramos, Bryan
220
418
52.6
49
45
34
10
6
2
0
2
11
22.4
3
6.1
27
98
.222
.259
.271
.306
.400
.415
.291
.314
3
92.5
92.2
13
Graphs
456

Florial, Estevan
220
450
48.9
61
52
29
6
1
2
2
1
23
37.7
8
13.1
49
119
.115
.136
.246
.263
.288
.235
.243
.236
2
93.2
88.9
21
Graphs
457

Jung, Jace
217
386
56.2
56
45
30
9
7
2
0
0
15
26.8
11
19.6
30
103
.200
.201
.357
.358
.244
.282
.290
.302
2
93.1
84.1
13
Graphs
458

Vogelbach, Daniel
216
362
59.7
52
46
36
13
7
5
0
1
10
19.2
6
11.5
6
64
.283
.328
.365
.406
.457
.572
.358
.418
4
93.3
93.7
9
Graphs
459

Madrigal, Nick
213
358
59.5
50
44
40
11
8
3
0
0
4
8.0
3
6.0
7
100
.250
.249
.340
.339
.318
.297
.301
.293
0
94.3
87.3
2
Graphs
460

Schmitt, Casey
210
374
56.1
72
69
56
18
9
4
0
5
13
18.1
3
4.2
18
116
.261
.260
.292
.291
.536
.539
.351
.350
6
92.7
91.6
21
Graphs
461

Barnhart, Tucker
207
375
55.2
47
36
24
10
7
3
0
0
12
25.5
11
23.4
10
69
.278
.203
.447
.389
.361
.271
.373
.318
1
93.5
82.2
6
Graphs
462

Nuñez, Nasim
207
327
63.3
40
31
25
7
6
1
0
0
6
15.0
9
22.5
16
87
.226
.230
.400
.408
.258
.304
.319
.336
0
93.1
84.4
0
Graphs
463

Wilson, Jacob
205
349
58.7
68
58
57
19
15
2
2
0
2
2.9
8
11.8
4
107
.328
.308
.412
.396
.431
.371
.370
.342
0
93.4
89.0
10
Graphs
464

Dalbec, Bobby
203
413
49.2
37
32
16
6
5
0
0
1
16
43.2
4
10.8
41
100
.188
.136
.297
.253
.281
.184
.269
.214
0
93.3
83.0
5
Graphs
465

Schunk, Aaron
203
371
54.7
48
46
31
11
9
1
0
1
15
31.3
2
4.2
31
121
.239
.218
.271
.250
.326
.323
.263
.251
1
92.8
86.3
3
Graphs
466

Sanó, Miguel
199
402
49.5
50
40
31
13
9
2
0
2
10
20.0
7
14.0
23
89
.325
.337
.440
.450
.525
.584
.416
.437
4
92.4
98.2
7
Graphs
467

Dingler, Dillon
194
331
58.6
54
51
32
9
5
2
1
1
19
35.2
3
5.6
28
105
.176
.231
.222
.273
.314
.409
.234
.294
2
93.4
93.4
11
Graphs
468

Gamel, Ben
193
381
50.7
56
45
34
10
7
2
0
1
11
19.6
11
19.6
15
68
.222
.307
.375
.443
.333
.433
.327
.390
4
93.6
90.2
19
Graphs
469

Sánchez, Ali
193
338
57.1
47
43
33
8
6
2
0
0
11
23.4
2
4.3
16
90
.186
.202
.234
.253
.233
.288
.211
.242
1
93.2
88.7
9
Graphs
470

Knizner, Andrew
190
360
52.8
48
46
33
11
10
1
0
0
13
27.1
1
2.1
35
108
.239
.269
.271
.300
.261
.374
.239
.294
2
93.2
90.5
13
Graphs
471

Thomas, Alek
190
372
51.1
48
44
37
11
4
3
1
3
7
14.6
4
8.3
18
88
.250
.303
.313
.362
.568
.641
.371
.419
6
93.5
95.1
8
Graphs
472

Sogard, Nick
189
348
54.3
50
43
33
13
10
3
0
0
12
24.0
5
10.0
21
97
.302
.273
.360
.340
.372
.371
.321
.313
1
93.3
87.5
19
Graphs
473

Palacios, Joshua
188
307
61.2
49
41
34
9
6
1
0
2
7
14.3
7
14.3
17
78
.220
.269
.347
.393
.390
.451
.330
.372
2
92.9
91.8
6
Graphs
474

Berti, Jon
186
271
68.6
55
50
40
15
14
0
0
1
10
18.2
4
7.3
15
84
.300
.291
.364
.355
.360
.366
.325
.323
1
92.6
83.5
12
Graphs
475

Bae, Ji Hwan
186
313
59.4
48
42
27
6
5
1
0
0
15
31.3
6
12.5
31
96
.143
.199
.250
.299
.167
.354
.204
.292
4
94.0
90.0
4
Graphs
476

Williams, Alika
184
336
54.8
57
54
46
11
7
3
1
0
8
14.0
2
3.5
15
102
.204
.239
.246
.279
.296
.332
.239
.268
2
93.1
87.2
18
Graphs
477

Wilson, Weston
183
379
48.3
60
55
44
21
12
5
1
3
11
18.3
5
8.3
27
95
.382
.293
.433
.352
.673
.528
.467
.375
7
93.6
91.6
14
Graphs
478

Amaya, Jacob
182
301
60.5
45
42
24
6
5
1
0
0
18
40.0
3
6.7
21
75
.143
.195
.200
.249
.167
.248
.172
.225
1
93.0
89.1
4
Graphs
479

Del Castillo, Adrian
182
336
54.2
53
49
36
16
10
3
0
3
13
24.5
4
7.5
29
100
.327
.255
.377
.311
.571
.433
.405
.323
3
93.2
87.4
21
Graphs
480

Fermín, José
180
324
55.6
47
41
40
7
5
1
1
0
1
2.1
5
10.6
3
86
.171
.233
.277
.330
.244
.293
.243
.287
0
93.7
86.7
9
Graphs
481

Allen, Nick
178
356
50.0
56
51
42
11
8
2
0
1
9
16.1
5
8.9
10
82
.216
.210
.286
.280
.314
.270
.269
.250
1
92.4
86.2
7
Graphs
482

Robinson, Chuckie
177
298
59.4
47
43
32
6
6
0
0
0
11
23.4
3
6.4
29
106
.140
.184
.213
.253
.140
.239
.172
.226
1
93.4
79.9
3
Graphs
483

DeLoach, Zach
176
298
59.1
44
37
25
5
3
2
0
0
12
27.3
7
15.9
22
93
.135
.198
.273
.326
.189
.241
.227
.270
0
93.5
90.5
1
Graphs
484

Crawford, Brandon
172
321
53.6
49
43
30
7
4
2
0
1
13
26.5
6
12.2
31
95
.163
.248
.265
.340
.279
.382
.249
.321
3
93.1
92.4
11
Graphs
485

Luciano, Marco
169
325
52.0
44
43
29
10
5
4
1
0
14
31.8
1
2.3
15
78
.233
.307
.250
.322
.372
.460
.266
.336
1
93.5
93.8
7
Graphs
486

Domínguez, Jasson
166
278
59.7
37
28
18
4
3
0
0
1
10
27.0
9
24.3
19
77
.143
.193
.351
.389
.250
.309
.295
.329
2
93.9
87.9
8
Graphs
487

Gurriel, Yuli
165
281
58.7
41
34
30
7
6
1
0
0
5
12.2
6
14.6
8
79
.206
.288
.317
.402
.235
.372
.260
.355
1
94.3
90.0
2
Graphs
488

Hurtubise, Jacob
164
281
58.4
41
35
23
6
6
0
0
0
12
29.3
5
12.2
12
74
.171
.218
.293
.332
.171
.290
.231
.289
0
92.9
82.3
19
Graphs
489

Conine, Griffin
163
334
48.8
38
36
25
15
11
2
0
2
11
28.9
1
2.6
19
89
.417
.278
.447
.318
.639
.421
.466
.322
1
93.8
91.4
12
Graphs
490

Azocar, José
162
291
55.7
35
33
22
4
4
0
0
0
11
31.4
2
5.7
28
104
.121
.173
.171
.220
.121
.254
.140
.211
1
92.4
92.1
6
Graphs
491

Serven, Brian
162
258
62.8
42
36
24
7
4
3
0
0
12
28.6
5
11.9
16
75
.194
.192
.310
.308
.278
.285
.273
.275
0
92.7
89.5
31
Graphs
492

López, Jack
159
274
58.0
29
27
18
6
5
1
0
0
9
31.0
1
3.4
24
80
.222
.134
.276
.194
.259
.167
.244
.171
0
93.6
85.8
8
Graphs
493

Walsh, Jared
157
262
59.9
36
32
23
10
8
2
0
0
9
25.0
4
11.1
25
65
.313
.308
.389
.385
.375
.460
.342
.370
2
92.8
81.9
20
Graphs
494

McCoy, Mason
156
232
67.2
33
28
20
7
5
2
0
0
8
24.2
5
15.2
20
69
.250
.276
.364
.385
.321
.322
.314
.325
0
93.9
82.2
9
Graphs
495

Cabbage, Trey
156
336
46.4
45
42
30
13
6
7
0
0
12
26.7
3
6.7
19
84
.310
.267
.356
.316
.476
.498
.359
.346
6
93.5
95.4
12
Graphs
496

Kreidler, Ryan
155
263
58.9
37
31
21
4
4
0
0
0
10
27.0
6
16.2
25
76
.129
.196
.270
.327
.129
.256
.207
.277
1
93.1
88.0
20
Graphs
497

Millas, Drew
153
252
60.7
40
35
26
10
9
0
0
1
9
22.5
5
12.5
8
68
.286
.248
.375
.342
.371
.348
.336
.311
1
93.7
91.5
4
Graphs
498

Clase, Jonatan
151
267
56.6
32
28
21
7
5
1
0
1
7
21.9
2
6.3
14
73
.250
.146
.344
.253
.393
.249
.329
.233
0
92.9
89.8
24
Graphs
499

Narváez, Omar
150
269
55.8
37
36
28
5
4
1
0
0
8
21.6
1
2.7
14
79
.139
.159
.162
.182
.167
.219
.148
.177
0
92.9
88.7
24
Graphs
500

Baddoo, Akil
150
318
47.2
45
38
28
6
2
2
0
2
11
24.4
6
13.3
17
75
.158
.242
.267
.348
.368
.618
.278
.403
6
93.9
93.6
28
Graphs
501

Tucker, Cole
148
237
62.4
32
25
19
2
1
1
0
0
7
21.9
6
18.8
11
62
.080
.171
.250
.332
.120
.237
.196
.277
0
93.1
91.7
3
Graphs
502

Bliss, Ryan
146
259
56.4
33
29
19
5
3
0
1
1
10
30.3
3
9.1
20
73
.172
.239
.273
.331
.345
.479
.275
.350
2
94.0
92.8
6
Graphs
503

Johnson, Bryce
145
263
55.1
38
32
24
7
7
0
0
0
8
21.1
6
15.8
10
68
.219
.246
.342
.365
.219
.299
.271
.308
0
93.1
89.2
14
Graphs
504

Black, Tyler
144
239
60.3
33
27
19
8
7
1
0
0
8
24.2
5
15.2
12
62
.296
.257
.424
.392
.333
.299
.351
.325
0
92.8
83.5
17
Graphs
505

Ruiz, Esteury
142
246
57.7
33
26
21
5
3
1
1
0
7
21.2
4
12.1
15
66
.192
.183
.303
.313
.308
.300
.272
.301
1
92.3
87.8
23
Graphs
506

Paris, Kyren
141
234
60.3
37
31
23
6
3
2
0
1
8
21.6
5
13.5
16
68
.194
.246
.306
.350
.355
.449
.296
.347
2
93.2
90.6
11
Graphs
507

Shewmake, Braden
140
214
65.4
45
44
40
4
3
1
0
0
4
8.9
1
2.2
13
79
.091
.181
.111
.199
.114
.246
.102
.194
1
92.6
85.8
17
Graphs
508

Shenton, Austin
137
212
64.6
30
23
17
7
3
3
0
1
6
20.0
7
23.3
19
57
.304
.270
.467
.441
.565
.405
.443
.381
1
93.6
88.0
21
Graphs
509

Reyes, Pablo
136
252
54.0
32
29
19
4
3
1
0
0
10
31.3
2
6.3
14
60
.138
.198
.219
.273
.172
.352
.187
.278
2
92.5
92.3
18
Graphs
510

Wagaman, Eric
135
269
50.2
32
31
24
10
6
3
0
1
7
21.9
1
3.1
11
71
.323
.346
.344
.366
.516
.570
.369
.398
2
93.8
96.3
18
Graphs
511

Dezenzo, Zach
135
245
55.1
32
31
22
8
7
1
0
0
9
28.1
1
3.1
18
74
.258
.267
.281
.290
.290
.394
.254
.296
1
92.7
85.8
4
Graphs
512

Madris, Bligh
127
275
46.2
33
30
24
7
5
2
0
0
6
18.2
3
9.1
17
69
.233
.231
.303
.301
.300
.411
.272
.309
4
93.6
87.4
28
Graphs
513

Haase, Eric
127
270
47.0
30
27
19
8
4
0
0
4
8
26.7
3
10.0
20
64
.296
.297
.367
.367
.741
.740
.460
.456
4
93.2
92.9
12
Graphs
514

Dahl, David
125
266
47.0
31
28
22
8
6
1
0
1
7
22.6
2
6.5
19
78
.286
.313
.323
.347
.429
.567
.322
.379
2
93.4
89.7
15
Graphs
515

Foscue, Justin
125
187
66.8
28
27
16
1
1
0
0
0
11
39.3
1
3.6
20
60
.037
.094
.071
.126
.037
.136
.056
.120
1
93.1
84.9
25
Graphs
516

Pinto, René
124
185
67.0
36
31
19
9
4
3
0
2
13
36.1
3
8.3
31
66
.290
.236
.361
.329
.581
.625
.394
.410
5
92.5
97.0
32
Graphs
517

Hicks, Aaron
122
284
43.0
27
24
15
3
2
0
0
1
9
33.3
3
11.1
13
48
.125
.219
.222
.306
.250
.356
.218
.295
2
92.2
93.7
12
Graphs
518

Ford, Mike
120
229
52.4
36
35
29
6
5
0
0
1
6
16.7
1
2.8
10
67
.171
.184
.194
.207
.257
.299
.199
.219
1
93.1
85.7
20
Graphs
519

Berroa, Steward
120
183
65.6
28
21
12
3
3
0
0
0
9
32.1
7
25.0
10
44
.143
.102
.357
.326
.143
.143
.267
.251
0
93.9
85.3
18
Graphs
520

Vilade, Ryan
118
188
62.8
30
27
20
6
5
0
0
1
8
26.7
2
6.7
14
64
.222
.243
.267
.285
.333
.361
.261
.278
2
92.8
92.4
7
Graphs
521

Rosario, Eguy
118
226
52.2
34
31
24
10
2
5
0
3
7
20.6
2
5.9
14
58
.323
.256
.382
.322
.774
.604
.479
.388
5
92.9
92.8
19
Graphs
522

Trejo, Alan
116
221
52.5
35
33
27
6
6
0
0
0
6
17.1
1
2.9
8
62
.182
.181
.229
.227
.182
.218
.191
.204
0
93.1
86.1
5
Graphs
523

Westbrook, Jamie
111
200
55.5
30
23
15
2
0
2
0
0
10
33.3
4
13.3
15
48
.087
.204
.233
.333
.174
.342
.200
.307
1
93.7
92.1
16
Graphs
524

Cook, Billy
111
184
60.3
23
23
15
7
4
1
0
2
8
34.8
0
0.0
25
61
.304
.283
.304
.283
.609
.559
.386
.356
3
92.8
96.0
26
Graphs
525

García, Avisaíl
110
186
59.1
31
30
24
9
8
1
0
0
6
19.4
1
3.2
16
69
.300
.272
.323
.296
.333
.319
.290
.273
0
92.5
84.3
1
Graphs
526

Baker, Luken
110
201
54.7
27
21
19
1
0
0
0
1
3
11.1
5
18.5
13
51
.048
.183
.222
.345
.190
.328
.204
.312
1
93.3
93.1
14
Graphs
527

Locklear, Tyler
109
196
55.6
18
14
8
1
1
0
0
0
6
33.3
3
16.7
16
49
.071
.113
.278
.310
.071
.136
.204
.240
0
93.8
86.1
16
Graphs
528

Hensley, David
105
250
42.0
27
25
18
6
4
1
0
1
7
25.9
2
7.4
8
38
.240
.200
.296
.259
.400
.323
.304
.257
1
93.4
89.5
-6
Graphs
529

Moncada, Yoán
105
192
54.7
21
17
14
5
3
2
0
0
3
14.3
4
19.0
4
39
.294
.319
.429
.448
.412
.356
.377
.369
0
93.3
86.5
7
Graphs
530

Williams, Luke
103
172
59.9
30
27
23
6
4
2
0
0
4
13.3
3
10.0
5
53
.222
.199
.300
.279
.296
.329
.270
.269
1
93.9
90.7
16
Graphs
531

Zavala, Seby
103
171
60.2
25
22
13
2
1
1
0
0
9
36.0
3
12.0
15
46
.091
.188
.200
.285
.136
.447
.168
.316
1
93.2
94.6
24
Graphs
532

Yorke, Nick
101
174
58.0
25
22
17
7
5
0
0
2
6
24.0
2
8.0
16
51
.318
.312
.360
.368
.591
.586
.395
.413
3
93.1
92.1
9
Graphs
533

Marchán, Rafael
101
195
51.8
36
33
28
10
3
4
0
3
5
13.9
3
8.3
8
49
.303
.333
.361
.389
.697
.597
.441
.421
4
93.7
89.1
18
Graphs
534

Whitcomb, Shay
98
181
54.1
24
21
18
5
3
2
0
0
3
12.5
3
12.5
6
46
.238
.326
.333
.410
.333
.552
.301
.413
2
93.2
94.8
15
Graphs
535

Ornelas, Jonathan
97
163
59.5
21
20
12
5
5
0
0
0
8
38.1
1
4.8
10
44
.250
.202
.286
.240
.250
.239
.243
.218
0
93.9
97.8
2
Graphs
536

Mayo, Coby
95
188
50.5
20
19
11
2
2
0
0
0
8
40.0
1
5.0
14
47
.105
.209
.150
.249
.105
.256
.123
.227
0
93.2
87.7
1
Graphs
537

Tromp, Chadwick
94
182
51.6
25
24
22
7
3
4
0
0
2
8.0
1
4.0
5
41
.292
.278
.320
.307
.458
.427
.334
.318
1
92.6
92.5
10
Graphs
538

Campero, Gustavo
93
177
52.5
26
25
21
5
5
0
0
0
4
15.4
0
0.0
12
57
.200
.235
.231
.265
.200
.272
.197
.241
0
93.6
82.3
14
Graphs
539

Saggese, Thomas
92
189
48.7
24
23
17
5
4
1
0
0
6
25.0
1
4.2
10
51
.217
.233
.250
.265
.261
.330
.228
.261
0
93.5
87.7
13
Graphs
540

White, Eli
89
160
55.6
25
22
16
8
5
1
1
1
6
24.0
1
4.0
8
43
.364
.200
.440
.296
.636
.383
.457
.300
2
93.3
90.2
3
Graphs
541

Wendzel, Davis
89
170
52.4
22
21
19
5
2
2
0
1
2
9.1
1
4.5
8
44
.238
.262
.273
.295
.476
.512
.319
.344
2
92.2
84.9
24
Graphs
542

Bote, David
87
162
53.7
28
27
22
12
10
2
0
0
5
17.9
1
3.6
10
49
.444
.310
.464
.334
.519
.437
.429
.333
1
92.8
93.1
19
Graphs
543

Romo, Drew
87
189
46.0
24
23
18
2
1
1
0
0
5
20.8
1
4.2
8
49
.087
.096
.125
.133
.130
.113
.118
.115
0
93.0
83.6
20
Graphs
544

Pereda, Jhonny
86
158
54.4
16
16
10
3
3
0
0
0
6
37.5
0
0.0
14
41
.188
.197
.188
.197
.188
.328
.165
.225
1
94.8
84.8
12
Graphs
545

Acuña, Luisangel
85
136
62.5
24
23
19
6
3
1
1
1
4
16.7
1
4.2
13
47
.261
.178
.292
.214
.522
.305
.343
.223
1
93.8
90.5
13
Graphs
546

Alvarez Jr., Nacho
85
119
71.4
20
19
12
2
2
0
0
0
7
35.0
0
0.0
11
38
.105
.135
.150
.178
.105
.168
.124
.161
0
94.0
81.8
9
Graphs
547

Remillard, Zach
85
151
56.3
25
22
18
7
5
1
1
0
4
16.0
3
12.0
6
37
.318
.294
.400
.382
.455
.429
.373
.357
1
92.5
85.4
13
Graphs
548

Pauley, Graham
84
140
60.0
14
14
10
1
1
0
0
0
4
28.6
0
0.0
11
45
.071
.228
.071
.228
.071
.351
.063
.249
0
93.5
86.0
8
Graphs
549

Alvarez, Armando
84
139
60.4
17
15
12
3
2
1
0
0
3
17.6
2
11.8
3
31
.200
.260
.294
.347
.267
.307
.259
.299
0
93.0
77.4
4
Graphs
550

Murphy, Tom
83
152
54.6
19
17
11
2
2
0
0
0
6
31.6
2
10.5
11
39
.118
.157
.211
.246
.118
.296
.165
.244
1
92.1
87.9
13
Graphs
551

Hinds, Rece
83
183
45.4
22
17
12
5
1
2
1
1
5
22.7
4
18.2
12
41
.294
.175
.455
.363
.706
.365
.478
.334
1
94.1
87.5
18
Graphs
552

Goodrum, Niko
77
140
55.0
17
16
12
2
2
0
0
0
4
23.5
1
5.9
6
29
.125
.183
.176
.231
.125
.305
.144
.236
1
93.5
86.9
-13
Graphs
553

Kennedy, Buddy
76
132
57.6
15
12
10
2
1
0
0
1
2
13.3
3
20.0
3
30
.167
.393
.333
.515
.417
.633
.333
.485
1
92.1
86.4
8
Graphs
554

Díaz, Aledmys
73
116
62.9
22
21
17
1
1
0
0
0
4
18.2
1
4.5
8
45
.048
.178
.091
.216
.048
.227
.071
.199
0
93.4
90.0
7
Graphs
555

Jones, Jahmai
71
152
46.7
26
24
17
8
6
1
1
0
7
26.9
1
3.8
5
33
.333
.223
.385
.283
.458
.337
.367
.274
1
92.4
89.0
19
Graphs
556

Amador, Adael
71
119
59.7
23
22
17
5
4
1
0
0
5
21.7
1
4.3
11
42
.227
.216
.261
.252
.273
.311
.238
.247
1
94.2
86.4
18
Graphs
557

Adams, Jordyn
70
158
44.3
10
9
6
3
2
0
0
1
3
30.0
1
10.0
12
32
.333
.424
.400
.482
.667
.790
.450
.531
1
94.4
98.9
12
Graphs
558

Brooks, Trenton
69
110
62.7
21
18
14
2
2
0
0
0
4
19.0
3
14.3
8
32
.111
.165
.238
.284
.111
.277
.182
.259
1
92.9
86.8
15
Graphs
559

Adrianza, Ehire
68
118
57.6
18
17
11
4
2
1
0
1
6
33.3
1
5.6
9
30
.235
.204
.278
.248
.471
.367
.320
.267
1
93.6
89.7
10
Graphs
560

Vosler, Jason
68
120
56.7
21
19
13
3
2
1
0
0
6
28.6
2
9.5
7
35
.158
.186
.238
.263
.211
.368
.209
.276
2
93.7
92.0
17
Graphs
561

Rodriguez, Johnathan
67
175
38.3
17
11
7
1
1
0
0
0
4
23.5
6
35.3
9
26
.091
.111
.412
.425
.091
.123
.295
.310
0
92.8
89.2
-16
Graphs
562

Sanoja, Javier
67
118
56.8
16
15
14
3
3
0
0
0
1
6.3
1
6.3
4
36
.200
.257
.250
.303
.200
.305
.208
.273
0
94.0
86.9
6
Graphs
563

Wall, Forrest
66
129
51.2
17
14
9
2
2
0
0
0
5
29.4
3
17.6
8
29
.143
.208
.294
.348
.143
.245
.225
.283
0
93.6
93.2
15
Graphs
564

Leblanc, Charles
66
118
55.9
14
9
4
2
2
0
0
0
5
35.7
5
35.7
7
28
.222
.172
.500
.468
.222
.215
.372
.356
0
93.4
76.5
8
Graphs
565

Blankenhorn, Travis
65
122
53.3
19
18
13
3
2
1
0
0
5
26.3
1
5.3
6
36
.167
.195
.211
.237
.222
.255
.195
.221
0
92.8
87.6
15
Graphs
566

Wendle, Joey
65
134
48.5
14
14
11
2
2
0
0
0
3
21.4
0
0.0
3
23
.143
.202
.143
.202
.143
.280
.126
.208
0
92.8
86.6
7
Graphs
567

Colás, Oscar
64
144
44.4
14
11
6
4
4
0
0
0
5
35.7
2
14.3
8
30
.364
.188
.500
.362
.364
.211
.402
.288
0
93.1
94.4
-4
Graphs
568

Sabol, Blake
64
124
51.6
20
16
12
5
4
1
0
0
4
20.0
3
15.0
8
32
.313
.268
.450
.414
.375
.517
.378
.402
2
93.2
95.4
17
Graphs
569

McKinney, Billy
64
114
56.1
18
16
10
4
3
1
0
0
6
33.3
2
11.1
12
33
.250
.204
.333
.293
.313
.297
.293
.267
1
93.3
88.6
5
Graphs
570

Kessinger, Grae
63
115
54.8
15
13
8
0
0
0
0
0
5
33.3
1
6.7
10
30
.000
.092
.133
.213
.000
.190
.094
.194
0
93.2
87.8
20
Graphs
571

Gray, Tristan
61
123
49.6
16
14
7
2
1
1
0
0
7
43.8
2
12.5
10
28
.143
.134
.250
.243
.214
.150
.220
.196
0
94.8
90.4
26
Graphs
572

Salazar, César
61
111
55.0
18
14
10
5
4
1
0
0
4
22.2
2
11.1
7
29
.357
.287
.500
.445
.429
.322
.422
.363
0
93.4
82.5
20
Graphs
573

Villar, David
61
136
44.9
19
17
15
7
3
3
0
1
3
15.8
1
5.3
4
27
.412
.315
.421
.380
.765
.597
.481
.454
2
93.0
93.4
11
Graphs
574

Stevenson, Cal
60
102
58.8
13
11
9
2
1
1
0
0
2
15.4
2
15.4
4
22
.182
.283
.308
.393
.273
.544
.270
.400
2
93.0
90.3
27
Graphs
575

León, Pedro
60
90
66.7
13
12
7
1
1
0
0
0
5
38.5
1
7.7
8
25
.083
.102
.154
.171
.083
.122
.121
.142
0
91.0
89.1
16
Graphs
576

Driscoll, Logan
59
130
45.4
13
12
9
2
2
0
0
0
4
30.8
0
0.0
9
30
.167
.225
.154
.218
.167
.319
.136
.237
1
93.2
91.1
14
Graphs
577

Canario, Alexander
57
101
56.4
18
17
10
3
3
0
0
0
7
38.9
1
5.6
14
32
.176
.171
.222
.217
.176
.249
.185
.209
1
92.9
85.3
7
Graphs
578

Peterson, Jace
57
102
55.9
14
12
11
1
1
0
0
0
1
7.1
2
14.3
2
22
.083
.306
.214
.405
.083
.349
.161
.343
0
93.7
86.1
-16
Graphs
579

Dunn, Blake
57
120
47.5
14
11
6
3
1
1
0
1
5
35.7
2
14.3
6
24
.273
.232
.429
.396
.636
.543
.449
.405
1
94.6
90.6
33
Graphs
580

Gasper, Mickey
56
92
60.9
10
8
6
0
0
0
0
0
2
20.0
2
20.0
1
15
.000
.200
.200
.360
.000
.246
.138
.294
0
93.7
88.5
5
Graphs
581

Wiemer, Joey
56
109
51.4
12
11
6
0
0
0
0
0
5
41.7
1
8.3
4
22
.000
.128
.083
.200
.000
.372
.057
.244
1
94.6
82.6
17
Graphs
582

De Los Santos, Luis
56
121
46.3
12
10
8
1
0
1
0
0
2
16.7
2
16.7
6
24
.100
.180
.250
.316
.200
.263
.219
.272
0
93.0
88.8
-2
Graphs
583

Collins, Isaac
53
87
60.9
12
11
5
2
2
0
0
0
6
50.0
1
8.3
8
21
.182
.138
.250
.210
.182
.163
.204
.177
0
93.2
84.8
19
Graphs
584

Waters, Drew
52
94
55.3
10
7
4
2
1
1
0
0
3
30.0
2
20.0
7
21
.286
.061
.500
.342
.429
.091
.423
.256
0
93.0
72.7
5
Graphs
585

Walton, Donovan
51
96
53.1
11
8
5
1
1
0
0
0
3
27.3
2
18.2
3
22
.125
.191
.364
.412
.125
.280
.271
.337
0
93.4
88.9
19
Graphs
586

Miller, Owen
49
103
47.6
15
15
12
4
3
1
0
0
3
20.0
0
0.0
4
24
.267
.240
.267
.240
.333
.314
.260
.239
0
92.9
92.1
0
Graphs
587

Hiura, Keston
49
93
52.7
12
12
5
3
3
0
0
0
7
58.3
0
0.0
10
24
.250
.203
.250
.203
.250
.235
.220
.191
0
92.8
83.0
13
Graphs
588

Mervis, Matt
49
98
50.0
10
9
7
1
0
1
0
0
2
20.0
1
10.0
10
28
.111
.148
.200
.233
.222
.348
.194
.254
1
93.6
89.4
31
Graphs
589

Ortega, Rafael
48
68
70.6
11
8
7
0
0
0
0
0
2
18.2
2
18.2
3
18
.000
.194
.182
.350
.000
.259
.125
.318
0
93.1
84.7
19
Graphs
590

Soto, Livan
46
66
69.7
10
7
6
0
0
0
0
0
1
10.0
3
30.0
1
18
.000
.142
.300
.400
.000
.284
.207
.333
1
91.4
87.6
17
Graphs
591

Wynns, Austin
44
75
58.7
11
10
9
5
3
2
0
0
1
9.1
0
0.0
4
26
.500
.352
.545
.411
.700
.448
.534
.383
0
93.0
90.0
15
Graphs
592

Thompson, Bubba
41
77
53.2
8
8
5
2
1
1
0
0
3
37.5
0
0.0
8
22
.250
.337
.250
.337
.375
.550
.267
.377
1
93.0
90.2
6
Graphs
593

Heineman, Tyler
41
61
67.2
9
6
4
0
0
0
0
0
2
22.2
2
22.2
2
22
.000
.062
.333
.375
.000
.159
.233
.294
0
92.8
87.7
35
Graphs
594

Narvaez, Carlos
38
68
55.9
7
5
2
2
2
0
0
0
3
42.9
2
28.6
6
18
.400
.247
.571
.462
.400
.290
.449
.366
0
92.2
107.2
5
Graphs
595

Misner, Kameron
38
65
58.5
8
8
2
1
1
0
0
0
6
75.0
0
0.0
7
19
.125
.122
.125
.122
.125
.138
.110
.114
0
93.6
90.2
34
Graphs
596

McKenna, Ryan
36
52
69.2
11
10
7
2
0
0
0
2
3
27.3
1
9.1
2
19
.200
.163
.273
.239
.800
.453
.435
.291
2
92.7
88.5
43
Graphs
597

Reetz, Jakson
34
49
69.4
10
9
6
1
0
0
0
1
3
30.0
1
10.0
8
20
.111
.164
.200
.247
.444
.539
.274
.326
1
93.3
89.6
21
Graphs
598

Barrosa, Jorge
34
62
54.8
9
9
7
2
1
1
0
0
2
22.2
0
0.0
3
17
.222
.312
.222
.312
.333
.434
.237
.321
1
93.8
88.2
4
Graphs
599

Haggerty, Sam
33
59
55.9
9
8
7
0
0
0
0
0
1
11.1
1
11.1
5
17
.000
.215
.111
.302
.000
.251
.077
.256
0
92.0
85.2
-5
Graphs
600

Feduccia, Hunter
31
57
54.4
8
7
7
3
3
0
0
0
0
0.0
1
12.5
3
16
.429
.300
.500
.387
.429
.356
.417
.335
0
91.9
81.4
6
Graphs
601

Delay, Jason
31
50
62.0
12
9
9
3
0
3
0
0
0
0.0
3
25.0
4
16
.333
.195
.500
.397
.667
.259
.486
.319
0
93.7
85.8
28
Graphs
602

Lockridge, Brandon
29
46
63.0
6
6
2
0
0
0
0
0
4
66.7
0
0.0
3
13
.000
.059
.000
.059
.000
.064
.000
.055
0
94.0
100.0
-16
Graphs
603

Koch, Grant
29
49
59.2
4
4
1
0
0
0
0
0
3
75.0
0
0.0
4
18
.000
.004
.000
.004
.000
.010
.000
.005
0
92.3
89.1
36
Graphs
604

Sullivan, Brett
28
49
57.1
8
7
6
1
0
0
0
1
1
12.5
1
12.5
2
17
.143
.091
.250
.205
.571
.278
.342
.217
1
94.4
89.2
55
Graphs
605

Alvarez, Eddy
28
54
51.9
7
6
5
0
0
0
0
0
1
14.3
1
14.3
1
10
.000
.236
.143
.345
.000
.270
.098
.283
0
92.4
93.4
8
Graphs
606

Keirsey Jr., DaShawn
27
50
54.0
9
9
9
2
1
0
0
1
0
0.0
0
0.0
4
18
.222
.289
.222
.289
.556
.576
.326
.364
2
94.9
88.6
9
Graphs
607

Teodosio, Bryce
25
43
58.1
7
7
3
1
1
0
0
0
4
57.1
0
0.0
8
15
.143
.122
.143
.122
.143
.140
.126
.110
0
93.4
68.7
15
Graphs
608

Duffy, Matt
24
31
77.4
8
5
5
1
1
0
0
0
0
0.0
2
25.0
1
9
.200
.384
.500
.615
.200
.452
.373
.492
0
94.6
100.3
14
Graphs
609

Garrett, Stone
24
31
77.4
5
4
4
2
1
1
0
0
0
0.0
1
20.0
3
13
.500
.503
.600
.602
.750
.738
.565
.559
1
91.7
98.2
19
Graphs
610

Castillo, Diego A.
22
36
61.1
7
6
5
2
1
1
0
0
1
14.3
1
14.3
1
7
.333
.342
.429
.436
.500
.374
.404
.368
0
94.7
81.4
0
Graphs
611

Jordan, Levi
22
40
55.0
6
5
6
1
0
1
0
0
0
0.0
0
0.0
2
10
.200
.141
.167
.118
.400
.232
.209
.132
0
92.2
90.9
-1
Graphs
612

Martínez, J.P.
22
42
52.4
5
5
3
1
1
0
0
0
2
40.0
0
0.0
4
15
.200
.096
.200
.096
.200
.107
.176
.089
0
92.5
80.4
10
Graphs
613

Peraza, Oswald
22
40
55.0
5
4
2
1
1
0
0
0
2
40.0
1
20.0
2
9
.250
.300
.400
.440
.250
.345
.314
.369
0
94.2
98.8
0
Graphs
614

Vazquez, Luis
21
51
41.2
5
5
3
0
0
0
0
0
2
40.0
0
0.0
4
11
.000
.185
.000
.185
.000
.208
.000
.176
0
94.1
86.2
-20
Graphs
615

Peguero, Liover
21
46
45.7
5
5
4
1
0
1
0
0
1
20.0
0
0.0
4
13
.200
.459
.200
.459
.400
.600
.251
.460
0
93.0
91.4
13
Graphs
616

Baker, Darren
20
39
51.3
6
6
5
4
2
2
0
0
1
16.7
0
0.0
2
7
.667
.279
.667
.279
1.000
.342
.712
.276
0
93.0
84.9
16
Graphs
617

Kemp, Tony
20
37
54.1
3
3
3
0
0
0
0
0
0
0.0
0
0.0
0
9
.000
.131
.000
.131
.000
.269
.000
.165
0
94.1
88.6
8
Graphs
618

Trammell, Taylor
20
37
54.1
4
4
3
0
0
0
0
0
1
25.0
0
0.0
4
13
.000
.076
.000
.076
.000
.083
.000
.069
0
91.9
74.6
44
Graphs
619

Garcia, Aramis
19
36
52.8
5
5
4
0
0
0
0
0
1
20.0
0
0.0
4
12
.000
.099
.000
.099
.000
.161
.000
.111
0
94.7
97.0
-6
Graphs
620

Capel, Conner
18
25
72.0
6
6
5
2
2
0
0
0
1
16.7
0
0.0
2
11
.333
.241
.333
.241
.333
.306
.294
.237
0
93.1
88.5
17
Graphs
621

Fletcher, David
18
27
66.7
8
7
7
2
2
0
0
0
1
12.5
0
0.0
0
11
.286
.072
.250
.142
.286
.080
.220
.131
0
92.7
78.9
17
Graphs
622

Jones, Greg
17
29
58.6
4
3
0
0
0
0
0
0
3
75.0
1
25.0
4
8
.000
--
.250
.250
.000
--
.172
.172
0
93.7
--
--
Graphs
623

Ellis, Duke
17
23
73.9
3
3
2
1
1
0
0
0
1
33.3
0
0.0
1
9
.333
.376
.333
.376
.333
.401
.294
.344
0
92.2
87.2
-1
Graphs
624

Ríos, Edwin
17
40
42.5
3
2
2
1
1
0
0
0
0
0.0
1
33.3
4
9
.500
.477
.667
.651
.500
.533
.524
.522
0
94.3
71.7
18
Graphs
625

Huff, Sam
15
21
71.4
3
2
1
0
0
0
0
0
1
33.3
1
33.3
2
8
.000
.446
.333
.630
.000
.469
.230
.497
0
92.6
72.2
27
Graphs
626

Knapp, Andrew
15
25
60.0
3
3
2
0
0
0
0
0
1
33.3
0
0.0
6
9
.000
.152
.000
.152
.000
.169
.000
.139
0
94.9
98.7
23
Graphs
627

Brantly, Rob
15
34
44.1
4
4
4
1
1
0
0
0
0
0.0
0
0.0
0
11
.250
.352
.250
.352
.250
.835
.220
.502
1
93.3
99.6
33
Graphs
628

Camargo, Jair
15
28
53.6
2
1
0
0
0
0
0
0
1
50.0
1
50.0
1
4
.000
--
.500
.500
.000
--
.345
.345
0
94.1
--
--
Graphs
629

Hicklen, Brewer
15
29
51.7
3
3
0
0
0
0
0
0
3
100.0
0
0.0
5
11
.000
--
.000
--
.000
--
.000
.000
0
92.8
--
--
Graphs
630

Helman, Michael
14
28
50.0
4
4
4
2
0
2
0
0
0
0.0
0
0.0
2
6
.500
.192
.500
.192
1.000
.259
.627
.191
0
93.3
91.8
37
Graphs
631

Marlowe, Cade
14
34
41.2
4
3
2
2
2
0
0
0
1
25.0
1
25.0
4
9
.667
.485
.750
.613
.667
.513
.613
.500
0
96.3
76.7
17
Graphs
632

Fabian, Sandro
14
21
66.7
5
5
5
0
0
0
0
0
0
0.0
0
0.0
1
10
.000
.150
.000
.150
.000
.344
.000
.209
1
92.0
82.0
34
Graphs
633

Alcántara, Kevin
13
26
50.0
4
4
4
0
0
0
0
0
0
0.0
0
0.0
0
5
.000
.308
.000
.308
.000
.383
.000
.300
0
91.5
101.3
4
Graphs
634

Capra, Vinny
13
32
40.6
3
3
3
1
0
1
0
0
0
0.0
0
0.0
0
6
.333
.135
.333
.135
.667
.199
.418
.143
0
91.6
79.8
1
Graphs
635

Hummel, Cooper
13
23
56.5
3
3
2
0
0
0
0
0
1
33.3
0
0.0
3
8
.000
.256
.000
.256
.000
.447
.000
.296
1
92.6
94.2
-15
Graphs
636

Harris, Dustin
11
23
47.8
4
3
2
1
0
1
0
0
1
25.0
1
25.0
1
4
.333
.404
.500
.553
.667
.563
.486
.483
0
94.8
101.9
13
Graphs
637

Maton, Nick
10
28
35.7
1
1
1
0
0
0
0
0
0
0.0
0
0.0
1
5
.000
.006
.000
.006
.000
.006
.000
.005
0
94.5
89.0
40
Graphs
638

Gentry, Tyler
10
20
50.0
2
2
2
0
0
0
0
0
0
0.0
0
0.0
2
4
.000
.204
.000
.204
.000
.241
.000
.197
0
93.8
96.0
28
Graphs
639

Alexander, CJ
9
28
32.1
2
2
2
0
0
0
0
0
0
0.0
0
0.0
0
3
.000
.229
.000
.229
.000
.609
.000
.344
1
92.3
91.3
36
Graphs
640

Devers, José
9
18
50.0
3
3
2
0
0
0
0
0
1
33.3
0
0.0
1
6
.000
.185
.000
.185
.000
.200
.000
.170
0
95.0
98.7
-10
Graphs
641

Anderson, Brian
8
15
53.3
2
2
2
0
0
0
0
0
0
0.0
0
0.0
0
4
.000
.816
.000
.816
.000
1.624
.000
1.030
1
91.6
103.8
16
Graphs
642

Batten, Matthew
8
11
72.7
2
2
2
1
0
0
1
0
0
0.0
0
0.0
1
3
.500
.363
.500
.363
1.500
.535
.795
.386
0
92.5
95.6
5
Graphs
643

Taylor, Samad
7
14
50.0
2
2
1
0
0
0
0
0
1
50.0
0
0.0
4
6
.000
.011
.000
.011
.000
.011
.000
.011
0
94.8
82.7
57
Graphs
644

Straw, Myles
6
14
42.9
1
1
1
1
1
0
0
0
0
0.0
0
0.0
0
2
1.000
.489
1.000
.489
1.000
.576
.882
.440
0
94.1
90.5
19
Graphs
645

Yang, Eric
6
7
85.7
--
--
0
--
--
--
--
--
--
--
--
--
2
3
--
--
--
--
--
--
--
--
0
94.5
--
--
Graphs
646

McGough, Scott
4
4
100.0
1
1
0
0
0
0
0
0
1
100.0
0
0.0
0
1
.000
--
.000
--
.000
--
.000
.000
0
95.0
--
--
Graphs
647

Martinez, Orelvis
4
11
36.4
1
1
1
0
0
0
0
0
0
0.0
0
0.0
0
1
.000
.074
.000
.074
.000
.081
.000
.068
0
92.8
64.2
-11
Graphs
648

Castillo, Luis
3
3
100.0
1
1
0
0
0
0
0
0
1
100.0
0
0.0
0
0
.000
--
.000
--
.000
--
.000
.000
0
91.8
--
--
Graphs
649

Roller, Chris
3
6
50.0
1
1
0
0
0
0
0
0
1
100.0
0
0.0
1
3
.000
--
.000
--
.000
--
.000
.000
0
93.7
--
--
Graphs
